-1.49278673    0.0801870627 -0.480402577
 0.383285822  -0.23089577    1.50512735
-1.26458695    0.283645333   0.621493379
-0.659101974  -0.544948301   1.15520739
 0.625355194  -0.22904646   -1.18457801
 1.17890291    0.474126409  -0.481818013
 0.198681313   0.797324133  -0.97600032
 1.09272026   -0.62190712   -0.216725985
 0.0748371757 -0.986914089  -0.557722695
 0.412360526   1.05309224    0.10775171
-0.500045831  -0.101794513  -0.999431292
 0.937340745   0.161194346   0.595549632
-0.621664734   0.697017857  -0.204748308
 0.260577377  -0.746065987   0.538245413
-0.691759055  -0.452259472   0.0518026669
-0.164290642   0.335978671   0.738836771
 0.230174586   0.03126566   -0.212587106
