   -0.86756451760052    4.3625523924283D-02  -0.86869819242711
    0.22682965519457  -0.22454704963197   0.98503769977611
   -0.82036813480152   0.20613702363580   0.96199723127369
   -0.65077290680589  -0.89286895091713   0.70465714206001
     1.0185422051870   0.34295531839695  -0.96284318561651
    0.73981460995162    3.4381382822349D-02    4.2094458836515D-02
     2.6146440287393D-02   0.69274302865623  -0.59308818020260
     1.1812326481707  -0.73786588793466  -0.59623411672978
   -0.68536325541396  -0.99231739969217  -0.43187863357278
    0.93361640676470    1.0968474329570   -8.6019372811029D-02
   -0.31903683774277   -9.9302015107972D-02    5.4479099267858D-02
     1.0322279523405   0.58485820568717   0.94217728731057
   -0.95033364140804   0.77837877475208   -1.4135764181147D-02
    0.31212969936572  -0.98176310851211    1.0434841441015D-01
    -1.3851843157636  -0.26798655930257    9.6251694489842D-02
     3.6807405547961D-02   0.80520944731001   0.52509737905811
    0.17127658672613  -0.38848516704328  -0.86324296094190
