 -1.10766369  0.716302996 -0.352785552
 -0.00180556535  0.0397277953  1.50368245
 -1.14302472 -0.351896399  0.0234968481
 -0.204855193 -0.544205099  0.598646738
  0.272335003 -0.20771571 -1.14611345
  1.46324237  0.188969488  0.293011417
 -0.229875529  0.805722043 -1.07816302
  0.419091517 -1.40553433  0.333884392
  0.686908761 -0.453362369 -0.138279958
  0.732716992  0.609537984 -0.489437353
 -0.855481373 -0.149630338 -1.05367382
  0.84124958 -0.526455041  0.953108961
 -0.134287396  1.18852836 -0.0159902523
  0.430711693  0.426357858  0.573767155
 -0.276842788 -0.932143469 -0.449918281
 -0.683796674  0.465239784  0.681126832
 -0.20862299  0.130556444 -0.236363102
