 -0.746550149  0.598905845  1.26991763
  0.650900717 -0.794175675 -1.21421915
  1.23875232  0.232410601  1.33114109
 -0.898078962  0.46309281 -1.52952806
 -1.4255444  0.988908423 -0.591896532
  1.76621671 -0.293404875  0.393508619
 -1.54777933 -0.148646033 -0.787344699
  1.04197827 -0.88397931  1.08189203
 -0.9118387 -0.539137057  1.05122985
 -0.0413661803 -1.40688852 -0.496140787
  1.34338319  0.779144479  0.31878304
 -0.345246313  1.25861245 -0.900036794
 -0.533555393 -0.576454373 -1.17489096
 -1.35999521  0.247400746  0.294203877
  0.160859086 -0.184429148  1.39192692
  0.987298254 -1.00828437 -0.0771682762
  0.33910903  0.840210721  0.91082326
 -0.60739465  1.10896012  0.227655158
  0.214375393  0.28976066 -1.23313794
  1.1608781  0.0210113575 -0.549970557
 -0.847967759 -0.696889599 -0.0862144577
  0.0415511988 -0.949458917  0.55582279
  0.35060551  0.715782851 -0.204170893
  0.726940801 -0.0820907274  0.454976326
 -0.620025026  0.300365543 -0.517237345
  0.165276554 -0.373662053 -0.375978025
 -0.302783064  0.092934044  0.456053882
