  0.50031164  1.00610294  1.18921088
  1.3149474  0.821079595  0.364282868
  0.147429052 -0.952113844  1.2763449
 -0.267337924 -0.5948771 -1.43783412
 -0.680458431  0.166520706  0.131951895
  0.959952955 -1.14466199  0.388154649
 -1.41013242  0.899620231 -0.0995869934
  1.46091851 -1.03142171 -0.648456889
 -0.236594535  0.128900527  1.14222542
 -0.701734894 -0.798487011 -0.389638752
  0.870419836 -0.0896033962  0.964712316
 -0.9780166  0.174007583 -0.915425763
  0.367782032 -1.05315542 -0.593209106
 -1.34647154  0.337024565  0.9386889
  0.300812583  0.52555422  0.266330801
  0.107876166 -0.514526033  0.314531072
  0.436536163  1.56971088  0.149068132
 -0.529738433  1.11851722  0.638555877
  0.859075143 -0.253165956 -1.25710864
  0.769600662  0.801373455 -0.679591331
 -1.63993865 -0.251507688 -0.0357298133
 -0.876909842 -0.719512266  0.733574009
 -0.0228302727  0.552535489 -1.50049879
  1.04026943 -0.156730367 -0.148708533
 -0.336585683  1.01255945 -0.48857466
  0.0511690365 -0.0133824529 -0.610333282
 -0.160351394 -1.54036163  0.307064962
