 -0.908525439  1.02255762  0.946097856
  1.3124288  0.556307811 -0.789328169
  1.34394864  0.215345792  1.21978924
 -0.574696762  0.970116986 -1.43842039
 -1.17283891 -0.837525332  0.608726642
  0.406784622 -0.316501441  1.72895595
 -1.49721582  0.432507896 -0.908964918
  1.09195206 -0.586217802 -0.954600263
  1.11469564 -0.914587034  1.01843648
 -0.762496325 -0.176123016 -1.58234258
 -0.455217854 -1.4505502 -0.0833007471
  0.296275957  0.749204134  1.29425241
 -0.871281767  1.20850577 -0.323352534
  1.43093865 -0.22482915  0.132238685
  0.323292764  0.210905067 -1.40236268
 -1.1386502 -0.613632142 -0.569633313
 -0.0415012633 -1.04523638  0.950425944
  0.957634975  0.798242992  0.297886406
  0.270427666  1.06858174 -0.654212943
 -1.18780004  0.242584241  0.18960582
 -0.523875573 -0.0185939513  1.10944783
 -0.0501159867 -0.735964598 -0.891288634
  0.597482962 -0.990721967  0.00593544971
  0.491039968 -0.119193608  0.688796988
 -0.479750872  0.26270331 -0.65619705
 -0.139924645  0.66308175  0.289270183
  0.500279076  0.0473809372 -0.347638382
 -0.333290319 -0.418349423  0.121776732
