 -0.205960804  1.58076031  0.211530529
  0.700763139  0.993919982 -0.228530002
 -0.214719439 -0.730594031 -1.32239202
 -0.182488121  1.21060707 -0.910890093
 -1.21312879 -0.0083546223  0.134428689
 -0.283456048 -0.146670422  0.714098717
  0.327232036  0.766992439  0.821982473
 -1.22431788 -0.866644422 -0.646788411
  1.38172535 -0.681868415  0.281374218
 -0.257498487 -1.52326248 -0.446469886
  1.34330386  0.107149277 -0.610673652
 -0.817905987  0.793250067  0.853564563
 -0.293136262  0.563410736 -0.0670147265
  0.248734545  0.190208045 -0.916762848
 -0.86501696  0.211112477 -0.928139962
  0.930093634 -0.317714172 -1.57191652
  0.297155698 -1.04445208  0.437987178
  1.40076451  0.464845373  0.524459559
  0.670354902 -0.837498086 -0.61676019
  0.566723843 -0.0307224035  0.100539078
 -0.205752424  0.247210413  1.69446503
 -0.224909841 -0.906604872  1.44987719
 -0.310430375 -0.478172332 -0.287812572
  0.708588333 -0.25633052  1.15369988
  0.950282377  0.898290058 -1.31414381
 -1.19178287  1.09291881 -0.231391881
 -0.848424879 -1.0448666  0.463915143
 -1.18679305 -0.246919598  1.25776433
