  0.365696807  1.54998629  0.0190651989
 -0.354485551 -1.54543915 -0.15004836
  0.0224513365 -0.519939328 -1.88246164
  0.294287436  0.648447689 -1.81862961
 -0.948759625  0.757927855  1.33680213
  0.981179984  0.300751472  1.48609414
  0.712573724 -0.853751499  1.42302137
 -1.2173674 -0.396576091  1.27372859
  1.49072359 -0.383570825  0.67248353
 -1.58546168  0.345133651  0.434522956
  1.02935451 -0.161286388 -1.43143244
 -0.772422706  0.265529127 -1.57080845
  0.850088124  0.809775197 -0.810784177
  0.426080772 -1.01265876 -0.910348962
 -0.695368798 -0.747003225 -0.997098775
 -0.271361509  1.07543148 -0.897533917
  1.10318899  0.686968127  0.379123925
 -1.14745975 -0.704930626  0.138183366
 -0.722973729  1.11956093  0.237860102
  0.678702771 -1.13752293  0.279447651
 -0.135743019 -0.0550732675  1.58614034
  0.132614905  0.87627345  0.969066462
 -0.289988041 -0.940123067  0.869832022
  0.936002781 -0.20096425 -0.307622073
 -0.871384717  0.227180659 -0.447432901
  0.0837833937  0.0339925928 -0.979005524
  0.458096732 -0.143734815  0.68006928
 -0.567706852  0.0992637497  0.600717647
 -0.114334518 -0.521896418 -0.120162073
  0.129992034  0.528248355 -0.0627898121
