  0.290867867 -0.483937762 -0.169012524
  0.730142803  0.63673717  1.15556346
 -0.247242579  0.422364714 -0.328397079
  0.404286792  1.24148867 -0.597920145
  0.165125758 -0.233056323 -1.88271479
 -1.01408611  0.572491425  0.445990287
 -0.783853027  1.32449987 -0.417126296
  0.606940424  0.188834762 -0.975378811
 -0.0589214596  0.0831618288  0.6718089
  0.910212632 -0.425885052  0.73834891
 -1.27187972  0.24217707 -0.621227106
  0.578622737 -0.945401401 -1.07767991
 -0.0306762763  1.15878912  0.459664371
 -0.434560014  0.695184513  1.44550716
 -0.365070098  0.643994496 -1.35719493
  0.728512371  0.446629441  0.0800648496
  1.35413017 -0.358267157 -0.316584318
  1.08718044  1.40641542  0.346440484
 -1.38849592 -0.931955856 -0.611533853
 -0.930815525 -0.35350707  1.13246803
 -0.434577572 -0.43210662 -0.989861587
  1.49225241  0.785513442 -0.571478014
  0.165415742 -0.31531447  1.62321563
 -1.1600841 -1.30351861  0.484798649
  1.68800921  0.394481368  0.524400741
 -0.073197067 -1.01218248  0.724674501
 -0.740765017 -0.429336315  0.0596345534
 -1.76091331 -0.291585579  0.306839174
  0.815474287 -1.36913095  0.0565812413
 -0.322035841 -1.35757768 -0.339891576
