  1.33259705 -0.475613606 -1.09723937
 -0.0767155225 -1.05266099  1.24988692
 -0.457846245  0.67397794 -0.927929292
  0.541792795  1.5576505  0.340843208
  0.230061441  0.632154838 -0.0988780578
 -1.48743697  0.319900842 -0.732346094
  0.294884792 -0.606092078 -1.488849
 -0.243040377 -1.16231085  0.154325334
  0.739551763 -0.312382469  1.42353687
 -0.183100699  0.855453419  0.871547856
  0.370228902  1.44432897 -0.78283688
  0.615473085  0.371074264 -1.07091424
  0.93928049 -0.164015614 -0.126870039
  0.893071584  0.55443385  0.747252013
  1.25645035  0.892206669 -0.281812997
 -0.525658517  1.39473274 -0.0603994786
 -0.939984081 -0.544076691  0.766522637
 -0.0818814689 -0.303773469 -0.513034387
 -1.10785096 -0.654956076 -0.33293518
  0.0824503542 -0.195229355  0.563271181
  1.61085291 -0.291819352  0.725223698
  0.623543737 -1.13856148 -0.547689387
 -0.340858648 -0.00651283078  1.54908396
  0.791166157 -1.02784366  0.550168603
 -1.21348127  0.500853897  1.06195351
 -1.8037077 -0.0384998708  0.27927513
 -0.764685543  0.301220898  0.0863752599
 -0.411191329 -1.27358832 -0.940793292
  1.65914223 -0.994507918 -0.153025059
 -1.56011287  1.04300825  0.133013696
 -0.78299543 -0.298552475 -1.34672712
