    0.60174692398374   -3.8892737511081D-02   -1.4235400587572
    0.97355939949012   -1.1665705246688    1.1059494424869
    -5.6748177409044D-02   0.40596835031219  -0.68081893607797
    0.34047560731803    1.2496800802166   -7.8093447088159D-02
     3.0305951815640D-02   0.99188713751301    1.0098798132168
    -1.1451894285455   0.36413959222968  -0.74336043848938
   -0.43482578742828   0.55571178858550   -1.6539759255901
     7.8836008841991D-02   -1.8066184790862   0.71663565746960
    0.60015163048074   -7.7878152925241D-02    1.2799877654231
    -1.1166923375722   0.96874760243024    1.0574253599751
   -0.58204130105681    1.3511145761229  -0.73071710760277
    0.49258922433178    1.1347508863420   -1.2159328372676
    0.30284808393443   0.23739726729319   0.30129665485295
     1.2006979128430  -0.36520644015186   0.32965323105436
     1.0350177143172   0.42985816849673  -0.48111162572278
   -0.57954954745449    1.7490630345957   0.36977255669554
   -0.84343228693073   -1.0832621054122   0.68483961167467
    0.42402766367225  -0.49658814681224  -0.45293024709802
   -0.22660095467092   -1.3603170313645  -0.30794723067614
    0.17277801318121  -0.76798980836400   0.53141724438718
     1.1485019638825   0.77150085844769   0.63254462020964
    0.51783552150827   -1.2327094956134   -1.2024135932693
    -9.1572902340786D-02  -0.95569757322433    1.5433337667537
    0.87717655820594   -1.3882604486831   -3.9045080868735D-02
   -0.51585450535295   -2.5982316561786D-02   0.98539416036969
    -1.4813825651306   0.11435488175726   0.38245018320977
   -0.60404261980238  -0.34545258315185   -9.3821919184615D-02
   -0.40460140349072  -0.51038258949026   -1.1677925970314
     1.4250249417609  -0.61570442844920  -0.77395701505472
    -1.5257774896251    1.2057040101094   -4.3954854301607D-02
   -0.61326181275721   0.70763462701791   0.15883284630161
