  0.332129591  0.158367075 -0.821372654
  0.171096645  1.49807184  0.396200722
  0.750403101 -0.285602619 -1.68564235
  1.39345063 -0.0788306996 -0.72216138
 -0.96995366 -0.210721674  1.39538301
  0.601202048 -0.915318536 -0.731601045
 -1.56738148  0.766114058  0.891550903
  0.127046105  0.042282277  1.7746303
 -0.0798099879  0.525905153  0.0748176531
 -0.461853327  0.74703673  1.0545663
  0.96904504  0.830048584 -1.33454796
 -1.76159439  0.495513378 -0.316826899
 -0.400226433 -1.48597882 -0.529248675
  1.63969032  0.145340617  0.436543204
 -0.0891113779 -1.08218489  1.44101676
 -0.333423884 -0.554061653 -1.31383189
 -0.273746261 -0.481941391 -0.240468802
 -0.809368691 -1.04002449  0.51897254
  1.42299586 -0.9717746  0.0902595826
  0.312941985 -1.19364547  0.354377328
 -1.28469281 -0.600581239 -0.557081002
  0.702236309 -0.201375708  0.0975581037
  0.906772034 -0.545471397  1.10101516
 -0.751255067  0.366500301 -0.768557799
 -0.926312795  1.1590008  0.0509110332
 -1.02169632  0.042466716  0.316801697
 -0.1138394  0.529618838 -1.70725522
  0.653392757  0.557156807  0.890375082
 -0.094994353 -0.255757317  0.784408427
  0.940003106  0.833729558 -0.184290732
  0.0168546931  1.20611777 -0.756501403
