 -0.5118138  1.52003309  1.08141533
 -0.619020541 -1.57507063 -0.936951937
 -1.62569171  0.235728916 -0.275131408
 -1.4745107 -0.386616281  0.671181713
  0.48858769 -1.48752316 -1.05632586
  0.593460379  1.54018664  0.918094361
  1.35028217 -0.548740243  0.769754588
  1.05523952  0.665817103 -1.07705936
  0.0639981705 -1.73613894 -0.0497233636
  0.149778659  0.740415116  1.56527869
 -0.177557937 -0.74176682 -1.5617297
 -0.091774515  1.73478691  0.0532714819
  0.495330812 -1.26275356  0.871265606
  0.52823078 -0.312944644  1.49065165
  0.137970266  1.29357609 -0.952169774
  0.105072197  0.343767942 -1.57155595
 -1.20962307 -0.836279249 -0.356734469
 -1.15567657  0.721159881  0.658900766
  0.772034338 -0.411105437 -1.0693876
  0.824568211  1.10556163 -0.0803438534
  0.97263954  0.496018984  0.846506136
  0.920105939 -1.02064837 -0.142537877
  1.20206783  0.0585047283 -0.15356375
 -0.494212038 -0.0573298539  1.14813495
 -0.76952275 -0.0041761079 -0.986693186
 -0.526958204 -1.00270836  0.531636831
 -0.736777486  0.941202195 -0.370194736
 -0.652394618 -0.0317521591  0.0833433348
 -0.0402207165  0.736641918  0.490878408
 -0.0914737355 -0.743051631 -0.474054366
  0.186373953  0.311286686 -0.487247525
  0.331487943 -0.286082387  0.42109088
