  1.10296784  0.632827948  0.0715421283
  0.198024619 -0.855847296 -0.367018531
 -0.440725195 -0.27298939  0.230402616
 -1.58525741  1.06653854  0.0377421765
  1.19299255 -0.371477891 -0.506660535
 -0.554701258  1.4857581  0.42395583
  0.884849904 -0.775646541  1.31865087
  0.242319506  1.27103998 -0.379038711
  1.03337197 -1.25802573  0.210765764
 -0.962197324  0.481281552  0.812697434
 -1.45806884 -0.096726353 -0.0654017302
  0.632496073  1.49753855  0.693364223
  0.972153245  0.647491275 -1.09166213
  0.609507703 -0.289381401  0.424272766
 -1.38334058  0.563066431 -1.02503486
  0.392072612 -0.410430484 -1.34811783
 -0.817482231 -1.20349498 -0.151396312
 -0.818639747  1.56918089 -0.720741308
 -0.274919124 -1.35199904 -1.17383494
  0.0836533297  0.61915975  0.494865853
 -0.0985559528 -0.154968592  1.2603173
  0.895144914  0.425874533  1.18696991
  0.896535964 -1.39420265 -0.950994076
 -0.0115242498 -1.16123723  0.685075177
 -0.643936474 -0.306359295 -0.853864834
 -1.08429193 -0.700845994  0.942964484
 -0.664293322  0.634015697 -0.25125715
  0.129919135 -1.89684697 -0.192511031
 -0.138324929  0.992138661  1.45600665
  0.263090927  0.188478145 -0.465945467
 -0.248513272  0.696335093 -1.2621232
  1.65567155 -0.270245314  0.556009459
