  0.69992257  1.54852441  0.773894029
 -1.74086543  0.789941253  0.258243293
  1.59831881 -0.0510821811 -1.07892433
 -0.396635235  0.729794181 -1.4494909
 -1.60888126 -0.0357385039  1.00034696
  1.66040459 -0.859156829 -0.308830074
 -0.381142129 -1.65229852  0.0874370901
  0.0856906502  1.46324172 -0.706331034
  0.552049259 -0.211491671  1.51160083
 -1.74234524 -0.289681994 -0.0827512508
  0.931710801 -0.963182984 -1.15357017
 -0.0981104958 -1.36128179 -0.954999994
 -1.12308027 -1.10312789 -0.544553472
  1.69880307  0.211375213  0.0161443128
 -0.979915813  0.886050241  1.08883044
  0.106934125  0.798266353  1.34373085
  1.14013849  0.538038498  0.9299869
  0.712076509  0.60982883 -1.17414079
 -0.969029253  1.03324013 -0.500946543
 -0.997799625 -0.845776576  0.543370279
  0.640334443 -1.25836494 -0.112616291
  1.10769916 -0.535219011  0.602354609
 -0.528672164 -0.123074589  1.25763534
  0.0854021512 -0.929801205  0.798073629
  0.0479159503 -0.302841259 -1.24821479
 -0.971921186 -0.0459801465 -0.839823673
  0.820660056  0.870049967 -0.0841885131
 -0.217485391  1.13152224  0.331534141
 -0.0803212749  0.431374861 -0.471896096
  0.770806563 -0.202360651 -0.389403428
 -0.827026979  0.200077467  0.250445002
 -0.227862392 -0.591897172 -0.196740661
  0.232226937  0.12103254  0.503794319
