  0.237644574 -1.58564758  0.81828964
 -0.641320714 -0.827702747  0.832461276
 -0.605487838 -1.53758683 -0.0663528377
  1.82010142 -0.0708355731 -0.0852954463
 -0.745737745  0.625535722 -0.351259042
 -0.217353712  0.101445264  0.461439176
 -0.744867389 -0.0753467055 -1.23879251
  0.488141159  0.680604615  1.04314821
  1.30563858  0.978081693  0.294150928
 -1.56414423  1.08111201  0.178733507
  0.462439896 -0.123446347 -1.56033239
 -0.393255008  1.68615942 -0.277989042
  0.584797058 -1.6944131 -0.320465514
 -0.493918382  0.169970837  1.4738867
 -0.551640904  1.0913666  0.685089943
  0.81489904  0.0184413216  0.219451803
  0.106782683  0.00250943471 -0.579923859
 -1.60278203 -0.958858457  0.209920803
  0.179755656 -0.816073741  0.0991064541
  0.422833825 -0.478211829  1.12485705
  0.804195224  1.64045843 -0.5448407
 -1.67963131  0.0331217128 -0.46969422
  0.976583489 -0.647571555 -0.64758953
  1.46057659  0.0407103033  1.05287519
 -0.771095706 -0.468633923 -0.221194254
  0.42690854  1.73498047  0.585853115
 -1.27660803  0.0920987695  0.58614251
  0.268642603  0.890690159 -0.0293413791
  1.19968579 -0.971795404  0.434051304
  0.0432558597  0.946197924 -1.09829322
  1.05155461  0.518273213 -0.731352398
 -1.26244787 -1.0798395 -0.928419438
 -0.104145732 -0.995794603 -0.948321832
