  0.435105829  1.48781429  1.12870329
 -0.599023043 -0.626660396 -1.71036484
  1.66394724  0.376319214 -0.886366843
 -1.83186183  0.505828366  0.290524744
 -1.62276419 -0.410560516  0.896867019
  1.80322103 -0.537482554 -0.25651681
 -0.0753289276  1.58107821 -0.397740932
 -0.400154706  0.916908833 -1.28950939
 -0.118878294 -1.65815609 -0.170644378
  0.506665267 -0.379111989  1.54670564
 -1.14388779  0.558684885  1.18738212
  1.15041542 -0.592978286 -1.16421891
 -1.65627937 -0.488998049 -0.219324224
  1.66280693  0.454705607  0.242486462
 -0.899009345 -1.11527835 -0.756272995
  1.00954368  0.534578073  1.14850322
  0.183041132 -1.15536472 -1.12055333
 -0.072506786  0.574664969  1.51278372
 -1.06179563  0.986353053 -0.3478557
  0.698712124  0.921132372 -0.94054376
  0.842999568 -1.0997571 -0.214870777
  1.15682115 -0.458088515  0.646686193
 -0.558565462 -0.394538615  1.22418409
 -0.872387069 -1.03620701  0.362626888
  0.193179165 -1.01488108  0.68549562
 -0.891877345 -0.0055178592 -0.850105021
  0.703515881  0.995089427  0.181704438
  0.19446519 -0.04576331 -1.21583048
 -0.382826519  1.03533529  0.547429978
 -0.0975774635  0.512630504 -0.346253218
  0.83214121 -0.00466714147 -0.29963098
 -0.842171408  0.0573612054  0.264039214
  0.199933995  0.0792345141  0.585159795
 -0.109619631 -0.553707222 -0.264679855
