  0.0524012604  0.585869782  1.72523492
  0.0680018251 -1.66669421 -1.09217476
  0.0109662858  0.0997037528 -0.828215143
  0.443181005 -0.000178458294  0.139949824
 -1.20509063  1.29261212 -0.206652467
  0.636071107  0.560812511 -1.54248994
 -0.715349762  1.10631003  0.902709802
  0.285228521 -0.850596549 -0.455503607
 -0.581240475 -1.44029181 -0.139611548
 -0.320999787  0.0895810227  0.856728223
  1.14976554 -0.803523053  0.219096598
 -0.226838819 -0.56800445  1.68087268
 -0.364254287  0.683402996 -0.0324057662
  0.531846035 -1.77368219  0.00078454283
  0.720374183 -0.138091802  1.16124809
 -0.471927481  0.168700614 -1.76279778
  0.088963628 -0.925213876  0.636803366
  0.418678263 -0.625755298 -1.51509265
 -0.561668185 -0.368427809 -0.0589257423
  0.000350681254  1.6856791  0.00436005571
  1.16784015  1.52295233  0.328968782
  1.16707401 -1.26660523 -0.865274703
 -1.5373017 -0.683593159 -0.290400826
 -1.07539141  0.281218438 -0.771025554
 -1.02619931 -0.745635843  0.834627823
  1.22088454  0.83759942  1.36991504
  1.38721628  0.419037807  0.338387258
  0.373998114  0.908944395  0.713894504
 -0.638530055 -0.753981808 -1.07276402
  0.65911984  0.892831743 -0.434602123
 -1.30956316  0.284660816  0.375420354
 -0.305838389  1.11606364 -1.02310044
 -1.13106593  0.201380669  1.5239296
  1.08929811 -0.127085641 -0.721894387
