  0.741729207 -0.940122444  1.67947426
  1.14293177  0.130889859 -1.62675046
  0.582192907  0.160205649  1.86645235
  1.22248984 -1.11332572  0.673228492
  0.868149992  1.41143547  0.106761024
  0.26138712 -0.499839308 -1.90363966
 -1.26050765 -0.0040155364  1.33992956
 -1.54568034  0.270467338 -0.852171221
 -0.489891451 -1.53617959 -0.0819990242
 -0.413392281  0.633225535  1.68629815
  0.123198461  0.603805358 -1.77140916
 -1.26436118  1.14932388 -0.22055017
 -0.784147215  0.994215811 -1.23789792
  1.39108929  0.469279279  0.517562622
 -1.11780719  1.01060525  0.884581471
  0.98591469 -0.877762076 -1.13744531
  1.24054727  0.614174872 -0.631496329
  0.610640589 -1.39489193 -0.216365089
 -0.262802222 -0.475515327  1.51295438
  0.123988124 -1.24302237  0.799444244
  0.446687014  0.874526361  1.02651613
 -0.643585159 -0.113533006 -1.38098875
 -1.40522122  0.135845709  0.245156282
 -0.113391922 -1.02037874 -0.993431248
 -0.87575822 -0.770200184  0.629558349
  0.221556677  1.09082369 -0.782303029
 -1.01699334 -0.632123051 -0.466760734
 -0.257404378  1.24629996  0.228874052
  1.08425666 -0.391490282 -0.153340517
  0.428520758  0.439135858  0.0453084965
  0.591535606 -0.237765496  0.849768108
  0.34382142 -0.0233419316 -0.907036145
 -0.39835926  0.219394399  0.680523617
 -0.541089045  0.354604656 -0.393354887
 -0.0202453163 -0.534751935 -0.0154519213
