  1.38203461  0.0754574827  0.105224542
  0.0989074393  1.21266996 -0.751627215
  1.35430239  0.680873142  1.10305722
  0.417799357  0.270271882 -0.33240116
 -0.980612195  1.34840744 -0.381387306
 -0.107527575 -0.577294306 -0.678186539
 -0.924805176  1.40211109  0.842114561
 -0.600124028  0.360477839 -0.614553819
 -0.677985241 -1.40736744 -0.991317472
  0.248973642  1.21371155  1.14821929
  0.219226221 -0.915182482 -1.62136977
 -0.39797461 -1.25952771  0.121634459
 -0.24117006  0.865210827  0.247014446
  0.488707967 -1.47473007 -0.559226648
  0.983623648 -0.48475708 -0.851047019
 -0.742185796  0.913701865 -1.50024099
  0.545758459 -0.664894765  0.162137375
 -1.62700475  0.41473453 -0.843322486
 -0.500249404 -1.61540527  1.15477416
 -0.829409267 -0.302626493 -1.44013508
  0.474720816  0.213476758  1.77542311
 -0.392363368 -0.187692333  0.27342601
  0.0316511103 -0.655423894  1.1528254
 -0.0422025389  1.89796678  0.179877841
 -0.524977112  0.362929352  1.19295057
  1.18167919  0.7052832 -0.905498617
 -1.17698385 -0.55386887 -0.372005601
  0.835768567  1.13181638  0.164105291
  1.50329146 -1.07558699  0.00379883069
  0.475444571  0.242435479  0.721072237
  1.15868745 -0.532658046  1.04886531
  0.540120704 -1.57591301  0.698185222
 -1.09815666 -0.695847141  0.865174238
 -1.26703657  0.44335588  0.268151569
  0.190070597  0.22388448 -1.38571195
