 -1.56783889  1.11957243 -0.539210352
 -0.885417656 -1.79232677 -0.0768808224
 -1.06382511  1.68702491  0.281697018
 -0.242977621 -1.81553646  0.837806209
 -0.321045366 -0.325677469 -1.57734336
  1.14478203  1.44093886  0.0891401914
  1.64750159 -0.704167666  0.42972431
  0.0123746314  0.257513056  1.60363593
  0.240375556 -1.88784551 -0.170869183
 -0.591509424  1.66181566 -0.734455831
  0.519740877  1.53408544 -0.833733136
  1.19002928 -1.32603849 -0.37962277
  1.62476134 -0.301422028 -0.61492505
  1.37109773  0.780968329 -0.786777752
 -1.51465665  0.683896356  0.504767573
 -1.09862806 -1.09130013  0.786620277
 -1.14525387  0.18304385 -0.959841199
 -0.883222437 -0.935038832 -0.782321027
 -0.973438422 -0.0433186659  1.16401226
  0.704222647 -1.26314114  0.635115906
  0.0407198969  1.56803056  0.185604138
  1.40079308  0.369370587  0.258772147
 -0.117598961 -0.779490449  1.22365087
 -0.528198814  0.972541019  0.94547694
  0.244309413 -1.03787169 -0.880543785
 -0.170245945  0.731026664 -1.16139596
  0.579624683  0.849740145  0.846749553
  0.831076147 -0.223205166  1.01710366
  0.677276782 -0.0180701409 -1.11351654
 -1.09576008 -0.244085822  0.080070463
 -0.216619182 -0.135016705 -0.530638612
 -0.228293864 -0.954883771  0.141911153
 -0.629217238  0.755858352 -0.129707257
  0.698068436 -0.412317381 -0.0575003256
  0.452117675  0.637156393 -0.22412798
 -0.105124198  0.0581716803  0.52155234
