  0.517236828 -0.309433288  0.572939625
  0.930700766 -0.571361725 -1.18067777
 -0.393084172  0.0386724405  0.999897958
 -0.38702447  0.211165355  2.04118658
  1.33744838 -0.463341921  1.2135329
 -0.356474756 -1.01136497  0.579513941
 -0.362393383  1.09983119  1.23849866
  0.17817378 -0.278202941 -2.04471934
 -1.31945014  0.433615788  1.32602612
  0.329559787 -0.855857834 -0.310681734
 -0.900334106 -0.549489144 -1.60522413
  0.0273203542 -1.25144854 -1.27799375
  0.70923189 -1.37783645  0.568625491
  1.00909606 -1.6025516 -0.610849167
 -1.28113197 -0.333244616  0.454901015
  0.754537529  1.27110481 -0.329893744
 -0.350717025 -0.115198042 -0.0218022233
  0.723114275  0.166559644 -0.388222846
 -0.766373164 -0.955348465 -0.53097124
 -0.916686372  0.748766587  0.291205371
 -0.960376747 -0.694559948  1.51082139
  0.557382441  0.408159579  1.40877644
  0.72365276  1.46515345  0.897641939
 -1.07962004  1.3017344 -0.711262092
 -0.0199268298  1.63052431 -1.14042703
  0.208807099 -0.69483059  1.53246654
  1.26318207  0.487792163  0.523518661
 -0.248148278  1.63016272  0.0759190868
 -0.56560569  0.611472325 -1.5831381
 -0.0854776346 -1.82176524 -0.199638048
  0.196793765  0.697371913  0.408024719
 -1.11872642  0.151713671 -0.712306208
 -0.183835776  0.757180364 -0.574895431
 -0.0878868252 -0.196607353 -1.02951888
  0.550285157  0.623872369 -1.37645323
  1.36675086 -0.652410412 -0.0148214708
