  0.604954373  1.02364176 -1.62185722
 -0.727278843 -1.89019909 -0.116037701
 -1.69763952  0.959712691 -0.397327434
 -0.061313366 -1.90203058  0.783204506
 -1.23124052  1.52791194  0.445962728
  1.70206039 -0.590921999  0.398986787
  0.985305236  1.51045461  0.187480885
 -0.338736008 -0.284996415 -1.54285499
  0.0150124823  0.142319954  1.65913567
  0.400258638 -1.87247857 -0.237151125
  1.28377089 -1.20778309 -0.436093494
 -0.786791604  1.60880201 -0.578510072
 -0.98325574 -1.26358441  0.792504421
 -1.57668074  0.47463074  0.619974811
  1.61593944 -0.13539726 -0.619058905
  0.326317779  1.59620655 -0.709250732
  1.25515551  0.922924774 -0.724062506
 -0.826142602 -1.0002452 -0.773835894
 -1.20200748  0.089751465 -0.8773296
 -0.948745439 -0.229880247  1.22482219
  0.823068164 -1.24974982  0.592158519
 -0.610796084  0.834858797  1.05586283
 -0.0251686115 -0.880607658  1.22418954
 -0.122743666  1.52255264  0.31802194
  1.3474131  0.461379517  0.293332559
  0.859737027 -0.224282378  1.03011173
  0.299934538 -0.990605778 -0.898077665
  0.500701606  0.826349722  0.922057782
 -0.30056614  0.744876811 -1.06137747
  0.632747665  0.069187185 -1.07484298
 -1.08137848 -0.383812468  0.134804316
 -0.234301896 -0.155775499 -0.487113451
 -0.14792484 -1.00759781  0.137453343
 -0.719587287  0.667939904 -0.0267085273
  0.71613567 -0.36692183 -0.0496863751
  0.365836253  0.661918489 -0.159099593
 -0.11204987 -0.0085494471  0.570211177
