  1.82468831  0.474343933  0.113472035
 -0.0628420364 -1.38042055 -0.936949916
 -0.787214468  1.19533666 -0.404736676
  0.530694174  0.293511344 -1.54845187
  1.4919609 -0.267083736 -1.11278555
 -0.257399267 -0.50448231  1.75598094
  0.365322292  1.43137123  1.1026269
  0.985126295  0.520057094  0.825392144
 -0.123406594  1.9807956  0.113209944
 -0.391206324 -0.586162803  0.706086851
 -0.734152141 -1.47257164  0.161844685
 -0.0622772036 -1.50392737  1.11937596
  0.36606258 -1.15815815  0.10494226
 -1.39003455 -0.521000243  0.198254643
  0.270396755  1.38570143 -0.829277961
 -0.0783163571  0.395066472  1.10468978
 -1.23842324 -1.02018118 -0.874274008
 -0.39247737 -0.379306611 -1.41778385
 -0.612446496  0.785184366 -1.52397791
  0.355598307 -0.0609392048  0.191533138
  1.30549433 -0.508248971 -0.00382519294
  0.675343288  0.171986927  1.85186024
  0.65287921 -0.600932291  1.06045475
 -1.17917789 -1.10371577  1.18296788
  0.510770309 -0.464611927 -0.763561207
  0.945608341  0.523128105 -0.517147172
  1.09382416 -1.34856909 -0.769674731
  0.165624105  0.963550573  0.168954048
  1.13516345  1.40579493  0.147934845
 -1.18607159  0.142012727 -0.742533429
 -0.675154133  0.307265455  0.21215203
  0.617031998 -0.855878996 -1.73934955
 -0.448958761 -0.568890033 -0.346588621
 -1.67150801  0.641163373  0.197424972
 -1.14993005  0.0620139458  1.15368018
 -0.735521227  1.23883811  0.744898563
 -0.115071112  0.387958597 -0.686819158
