  0.194786562  0.330631291  1.70692153
  1.15922294 -1.15144121 -0.625480342
  1.48512027 -0.0676192435  0.92232705
 -0.149795147  1.4425112 -0.978551761
  1.42773072  0.352999184 -0.947532031
 -0.688118306 -1.57369771 -0.332880213
 -1.42773014 -0.353000502  0.947532723
  0.688118232  1.57369855  0.332878499
 -1.15922218  1.15144193  0.625480924
  0.149794891 -1.44251202  0.978550972
 -1.48512163  0.0676202709 -0.922324838
 -0.705700601  0.620712775 -1.47564975
 -0.874521106  0.46481391  1.44222068
 -0.974207798 -0.8837241 -1.1535992
 -0.194785974 -0.330631469 -1.70692265
  0.37600427 -1.70723044 -0.0694615469
 -1.71243278  0.333628126  0.130794175
  0.914327891  1.30898 -0.715133947
 -0.376004143  1.7072308  0.0694605509
  1.71243294 -0.333627743 -0.130791581
 -0.914327509 -1.30898074  0.715132866
  0.974207406  0.88372612  1.15359882
  0.705699841 -0.62071387  1.47565038
  0.874521555 -0.464814321 -1.44222106
 -1.19547864 -0.617191546 -0.102143492
  0.0917342736 -1.01447906 -0.884841866
  0.927620121 -0.88361005  0.423416687
  1.19547822  0.617191629  0.102143881
 -0.927620367  0.883610016 -0.423415811
 -0.35959227 -0.486322889  1.20611378
  0.359592544  0.486322133 -1.2061141
 -0.0917340253  1.01447924  0.88484104
  0.641070003 -0.197861039 -0.389806533
 -0.416295959 -0.0651766349 -0.651551105
  0.133401237  0.747443472 -0.160003453
 -0.64106986  0.1978609  0.389806679
  0.416295872  0.0651767052  0.651551032
 -0.133401345 -0.747443669  0.16000301
