     1.5668769248856   0.96448414053302   0.37794609332383
     1.5360541321652   -1.2854709032068   0.19246701529308
    0.63810712074735   0.74011622985696   -7.5277883525324D-02
   -0.20679985297276   -1.6815914849566  -0.48839392442554
   -0.13586492068575    1.5042941756007  -0.23447171660792
   -0.33081846303664   -2.7930476388413D-02   -1.4450284581066
   -0.74759346471481    1.6463374926142   0.73642924764790
    0.75550527353069  -0.82272566532235   0.89275809335580
    -1.1523638615513    1.9178477897760  -0.28681702790726
    0.99787789308799    1.6825754054671  -0.38730871329936
    0.52579852681620   -1.8406186332220   0.43214014622750
    -1.1331145551904   0.52862759893907    1.1083702470246
    0.32479900470669   -1.0456230184072   -1.2701919413894
    -1.1902599258474   0.86281432440458    1.6620068783428D-02
   -0.81623493983728  -0.12199413090240   0.29939438129729
    -1.1293216959248  -0.73875833406882    1.1103550309452
    -1.2499640842692   -2.6643268082904D-02  -0.72167858790638
    0.38240252551409   0.99101941506562   -1.1084661908485
   -0.20272157473182  -0.11872433878297    1.2404427165778
    0.53062772634261    1.5063674717161   0.68880935420677
    -1.2577865303774   -1.0149442677003  -0.13252447560075
   -0.30658394332943   0.44967177507974  -0.47194251110478
     1.4644356758176   0.62273388474329  -0.73847162629154
   -0.23125438989925   0.74539327024977   0.54923168147848
    0.23075763502693  -0.15422218473336   0.26070549736663
    -8.8271777428107D-02   0.98123240844501    1.5669995306644
    0.59618968252913   -7.0389069496253D-02  -0.80622014650410
    0.93832325962306   -1.8669216545451  -0.68835251379772
   -0.92502878669192   -1.0390830431190   -1.2806565010384
   -0.33363644417360  -0.60597325266873  -0.52743170489458
   -0.11200991852006   -1.1860434289581    1.5118492252082
     1.2949101136107  -0.15034079540867    9.1695218315898D-02
   -0.86532060190816    1.1320724239518   -1.0514681472065
    -1.8673636080942   -4.1438973305665D-02   0.25865867290378
    0.76151704536324   0.43131274718731   0.98676911699227
   -0.29322949264830   -1.0831666684614   0.45257419425867
     1.4317524059444  -0.79366061824883  -0.85086156561579
    0.59960788612093  -0.99063634364446  -0.20865189580091
