   -0.88301507896539  -0.64483726572235    1.7261862055488
     1.2929743596683   -4.3414499617241D-02    1.6346781320176
     1.4570737153207    1.0220894804083    1.3294220069257
    -1.2333156997672   -1.4455815533192  -0.95381261526839
    0.77834332601765  -0.83896174866231   -1.7377066573750
    -1.9697145023131   0.18808077677446   0.39511715596922
     1.2756482814392    1.1682843745385  -0.88846353389471
   -0.42521270478360    1.8064412358069   0.42708939640347
   -0.82737751542402   0.68624415239535   -1.4575729887246
    0.70839688979511   -1.5878273090782  -0.90917813706991
   -0.30432648867899   -1.8924751869754  -0.51155040646639
     1.8512940943068   0.19782299719137   0.67398108684882
    -1.1761457463622   -1.5697327455920   0.15773977031627
     1.5000819454186  -0.75841142653114  -0.88027023052258
    0.45930464288312   0.71909344315531    1.7503279297372
    -1.5446979290058  -0.74734991446463   0.83540064824276
    -1.2837391750082   0.29087353359808    1.2741770910003
     1.7495665273732   0.25301873186469  -0.44387864904479
   -0.49631020553600    1.0987925800143    1.2934814156571
    0.60361184758969  -0.72592657209934    1.0924998819357
   -0.22896512625149   -1.1482214177247   -1.3533211380217
     1.3711714003689    1.0998583802420   0.21890773147537
    0.51571924020276    1.4194830098697   0.88043417522983
     1.0344092022495   0.16546162734225   -1.3175634892250
    -1.6103731443661  -0.63050349409838  -0.28125631886322
    -1.2021512858159    1.0027127054954   0.41459874976764
    -1.0326782914747  -0.38024552173063   -1.2085451473737
    -2.3865139411246D-02   -7.6513670727178D-02   -1.6021266030927
   -0.62809860247936    1.2506709583235  -0.51710539312814
    0.22499250944607   0.93023165212187   -1.1768647030107
    -1.4020974103875   0.43837142739783  -0.53105824692007
    0.42611872794977    1.4937261039224  -0.23263274978734
    0.39747683163099   -1.3077435952162   0.11463744572145
   -0.46226154218459  -0.99247798485044   0.76894638432506
     1.1726860926238  -0.49003023062032   0.13938691740176
   -0.20810323873960    4.0254547593200D-02    1.1996701571976
    0.13134428740150  -0.28115137028529   0.24287836235595
    0.77824525198620   0.35896621130549   0.77062130675387
   -0.53845231694484  -0.84736354067633  -0.34553695695415
    0.44591091303467  -0.55060014685050  -0.72908649022123
   -0.89794082527937   -4.9538832009855D-02   0.31847079665128
    0.69009947695484   0.43282353518594  -0.31559968885721
   -0.14442887034098   0.74612017459256   0.32939413600701
   -0.34119872414114   0.19948638771207  -0.59491673966828
