   -0.15039384271738  -0.90662806500391  -0.65067721714439
    0.44383150018161  -0.18188408069277    1.4707926621757
    -1.2016419355803  -0.50137807137223   0.68816220502449
    0.33329813047560   -1.4583142548773   0.11034235198530
    -1.8226338765832  -0.39063917445659   -1.0373020420072
     1.0283043914221   0.77779817345414    1.4827919876993
    0.40065127842378  -0.40988227744268   -1.4667039019771
    -1.0015826124581  -0.38497195103217  -0.34095374818528
    0.96692458477717    1.3050344858323   0.51120082069283
    -1.1750857143229   0.53313837651980  -0.93251374014112
    -6.4223113571591D-02  -0.31063753397323   0.32951269434305
   -0.71284836675265   0.51824309033621   0.19241891941188
    -1.2596510167094    1.3576438951547  -0.14124123315607
     1.3943728328225   -1.2483161306687  -0.16279885971958
    -1.5415598776385D-03   0.77631413421394    1.9581442166753
     1.4974701890822  -0.20723223037869   -1.0791158526762
    0.91942341520576  -0.86376185407509   0.75995874044010
   -0.62061919065086    6.8594479312011D-02    1.3638705011753
     1.6014684465028  -0.19750636202496    1.3388528684600
    0.28305916688100    1.6557052980874    1.3119730048507
    -1.8468563416062  -0.98942642773125   -7.9768658730003D-02
    0.69213983448198   0.61107256058446   -1.1484584038889
   -0.28709099947990   0.55533253472985   -1.7183539784349
    -1.8160361758182   0.24705633152342   -7.9428488874672D-02
   -0.78331953163314  -0.41696143368975   -1.4532584998607
    -1.1394028430464   -1.3151808360218  -0.91275230227843
     1.8861215743868   0.69772760543220   0.71153758427914
    0.73439407239750   -1.3695764976477   -1.0124825552351
     1.0318633418294D-01   0.67830057123353   0.89287735588356
    0.72932693198213    1.5837603708673  -0.55074358837533
   -0.31595996851526    1.2085151242129  -0.78171256126302
    0.95764203796997   0.17244612503928   0.56639011644799
   -0.22154071374792   -1.3581842833951   -1.6275825091800
   -0.24660911829533   -1.9766455024116  -0.68484975458926
    0.74465412609992  -0.36441939857050  -0.35559834181024
   -0.21265447319178   -1.0285949076495    1.0911131827498
     1.8076159330277  -0.28778775936630   0.12263436569809
   -0.75858259835235   -1.3405390588967   0.14416479488641
    -1.5445301559487   0.52199210424060   0.93326770427433
     1.4190897866093   0.64709502844181  -0.31947187375351
   -0.19459396416222   0.12847191503605  -0.74685660403481
    0.36252224512948   0.68378498669622  -0.11477094039638
   -0.76179887489469    1.2369872186717    1.1531547894086
   -0.16629982412616    1.5434536817588   0.26423478915046
