 -0.94111172 -1.56630953  1.82959019
 -1.78713304 -1.50159334  1.11255846
  1.70250552  1.41108231 -0.138385701
 -0.0111097466  1.54215975 -1.59073889
  1.41152758 -0.198259625 -1.68333969
 -0.328358129  2.06609089  0.573894226
 -0.799293699 -0.538030559 -1.92526751
  1.972909 -0.750081711  0.424276182
  0.896847716  0.648376719  1.81940444
 -1.87464818  0.860373842 -0.529540504
  0.426944466 -1.95477476 -0.680169771
 -1.31301601  0.307364074  1.57695458
  0.110030708 -1.43016602  1.48243658
 -1.60191993 -1.29921524  0.0314976021
 -0.171359709  1.81746019 -0.512009401
  0.692043337  1.75141688  0.219757048
  1.56827825  0.610564273 -0.917283399
  0.705087729  0.676591096 -1.6488695
  1.85109765  0.332561288  0.144618923
 -0.408806593  0.505425597 -1.7707337
  0.308122149 -0.371248511 -1.81766332
  0.851708242  1.48733373 -0.870686748
  1.70475621 -0.478079809 -0.633964297
  1.30923227  1.03719805  0.84728666
 -0.950408017  1.21004203 -1.06784309
  0.925601142 -1.08492199 -1.19002358
 -1.10993886  1.47389967  0.0225037588
  0.286218789  1.36710484  1.20579973
 -1.34754159  0.161711556 -1.23575244
  1.4448245 -0.0518823936  1.13088141
  1.20865409 -1.36279667 -0.128653802
 -0.187795745 -1.25597956 -1.31219635
 -0.827520663  1.19681579  1.08439741
 -1.2109962 -0.926188837 -0.953181979
  1.04865097 -1.09903423  0.961951331
 -1.60589208  0.589751845  0.528267489
 -0.210116591  0.482985973  1.71123905
  0.504611868 -0.394944491  1.66501531
 -1.7526878 -0.222278801 -0.248129038
 -0.593521741 -1.64055121 -0.327478881
  0.27133903 -1.70670626  0.405522052
 -1.46280583 -0.495203614  0.80996101
 -0.606213903 -0.560727046  1.53595402
 -0.744761798 -1.37590846  0.754558873
  0.0498704218  0.0560071898 -0.0537869276
  0.861209335  0.721368713 -0.0950865535
  0.718321862 -0.0690854617 -0.853775714
  0.0197132757  0.785736375 -0.80828572
 -0.135721431  1.0433281  0.254298277
  0.994112691 -0.339900057  0.180887215
 -0.367030615 -0.235783371 -0.97273191
  0.465856528  0.346948547  0.866197813
 -0.895323089  0.451067935 -0.287452315
  0.234501874 -0.931767028 -0.360780339
 -0.618048459  0.183364924  0.74577835
  0.0801373032 -0.673551255  0.700877059
 -0.761633359 -0.609162345 -0.0125539725
