 -0.360095004 -0.171695939  1.72418902
 -1.34658566 -0.306317729  1.17984724
  1.49796157  1.25160611 -0.841406357
  0.275292293  0.134776332 -1.87587485
  1.18027743 -0.852369835  1.00617352
 -0.395212005  2.08817918  0.0410604672
 -1.19536276 -1.10055738 -1.52111494
 -0.615073527 -1.16744352  1.23666276
  0.35818812  1.58874476  0.708915494
 -2.05913244  0.634738108 -0.376848264
  1.96990963 -0.669388357  0.229414596
 -1.08665766  0.681275456  1.65417482
  0.341554679 -1.59016666  0.790748347
 -1.58772901 -1.28961888  0.68650001
 -0.429862973  1.54921812 -0.945746266
 -0.248018173  0.474815044 -0.982198597
  0.712721387  0.60473178 -0.453014829
  1.74682737  0.292517808 -0.30790099
  1.54876848  0.199626058  0.803150134
 -0.458712939  0.98678334 -1.91954773
 -0.0955906054 -0.916746213 -1.6750114
  0.523882216  1.12776852 -1.39031642
  1.00477946 -0.719169235 -1.80503356
  1.10443293  1.06694759  1.35790247
 -1.2682212  0.816837441 -1.15639475
  1.4985616 -0.700054093 -0.793132668
 -1.23608009  1.37174787 -0.168344375
  1.31293116  1.16685396  0.263880133
 -1.63930852 -0.234595922 -0.955435462
  1.71264609  0.313987039  1.90472392
  1.14705845 -1.40823089  0.0174826301
 -1.401952 -1.20456484 -0.420174142
 -0.746672216  1.39436824  0.854396501
 -0.609897255 -0.550496828 -0.786557371
  0.152936462 -0.520450207  0.821481718
 -1.5846866  0.662398821  0.644065105
  0.0108587249  0.879211741  1.52001834
  0.368180928 -1.02764025  1.76406254
 -1.8372219 -0.32954868  0.156813837
 -0.447910012 -1.62614442 -0.864882933
 -0.644701839 -1.72035946  0.247795481
 -0.0451527304 -0.0194214866 -0.0784552476
  0.741283607  0.743221811  2.35750752
  0.30652821 -2.12666887 -0.196472125
  0.519705198  0.514094804  0.627576036
  0.555759872  1.6822608 -0.40249005
  0.943941502 -0.339217678  0.0735166094
  1.26121523  0.268220937 -1.33241161
 -0.217035586  1.01558129 -0.0196263259
  0.127389969 -1.05471564 -0.137508075
 -0.832870083 -0.0571868861 -1.73255658
  0.727988718  0.00668395014  1.5554322
 -1.03393967  0.301836175 -0.224565545
  0.470637265 -0.363019095 -0.925895829
 -0.556287783  0.323717102  0.772819994
 -0.803630701 -0.64330847  0.296469577
  0.6613824 -1.43365271 -1.00786374
