 -0.397163971  1.21572586 -2.10355732
 -1.29025238 -1.99481152 -0.64042312
 -1.50997987 -1.21688733 -1.39075639
  1.99649937  0.123350412  1.48658593
  2.26127865 -0.303806954 -0.710117586
  1.32070351 -1.84932564  0.637316413
  1.55478467  1.72540511 -0.0331155951
  0.0325890816 -0.770462582  2.13659479
  0.177469971  1.43128284  1.72420149
  0.468163542 -1.47396118 -1.40730876
 -1.03915859  1.72799191 -1.34210081
 -1.94843212 -1.40367721  0.0864975349
 -2.22407652  0.747976614  0.19969141
 -2.29805413 -0.379430737  0.414848482
 -1.36774775  0.76255359 -1.76866586
 -1.7495671  1.5276606 -0.469417046
  0.600607905  0.752124674 -1.82401119
 -2.13954202 -0.596379777 -0.661144997
 -2.05984981  0.54016603 -0.879460565
 -0.91171043 -1.74335766  0.359910494
 -0.676096942  1.8093014 -0.307578731
 -1.61062154  0.271134382  0.999773336
  1.66972552 -0.869472633  1.06854271
  2.14295102 -0.0911832969  0.389824154
  1.78758146  0.931335524  0.730654816
  1.0937047  0.784004093  1.61715483
  1.80277281 -1.0856775 -0.0384902731
  1.0204861 -0.326892625  1.8248327
  1.91993353  0.716572041 -0.377137115
  1.37312646 -0.893846936 -1.06977569
  0.10248713  0.332935374  1.94296847
  0.679070882 -1.32007059  1.39577597
  0.870856347  1.59005039  0.851279389
  1.44331261  0.223215935 -1.280718
  0.896301236 -1.67449881 -0.389068746
  1.0864252  1.24763491 -0.938010109
  0.202737602 -1.81618984  0.494717944
 -0.445816754 -1.26882356  1.25229895
 -0.254907409  1.63394675  0.708591634
  0.439743173  1.78501436 -0.176565255
 -0.801165518 -0.251109574  1.5808489
 -0.727899982  0.857357582  1.37221613
  0.539831633 -0.365263315 -1.62816475
 -0.232986121 -1.62422709 -0.534032503
 -0.440717031 -0.837483211 -1.3087443
 -1.29772458 -0.164768082 -1.19541451
 -0.0361119785  1.2907004 -1.06920336
 -0.362300349  0.290106039 -1.51774801
 -1.27284066 -0.740176575  0.67640078
 -1.15492027  1.04307158  0.339526986
  0.333369185 -0.0173781594  0.157070015
 -1.10791248 -0.939632247 -0.412976861
 -0.985692494  0.811365155 -0.748298226
 -1.44634341  0.0542202281 -0.101267663
  1.14858379  0.0521669364  0.810258874
  1.27868551 -0.158302476 -0.270320793
  0.817479689 -0.91750388  0.392604704
  0.93216877  0.839421721  0.0630188779
  0.184924823 -0.387001381  1.12976081
  0.256452421  0.694346256  0.927394295
  0.399406734 -0.734434749 -0.612439618
  0.471098924  0.359717816 -0.816791797
 -0.27272391 -0.869859861  0.254958738
 -0.157964349  0.88178496 -0.0711265187
 -0.618625376  0.123842507  0.57587125
 -0.466408107 -0.0915869978 -0.508039717
