  0.386572589  0.786300578 -0.362181054
 -0.931288161 -1.53156632 -1.51912133
 -0.700625693 -1.75457421 -0.444521256
  1.47144018 -1.7122917  0.142664123
 -0.22579545 -0.859537866 -0.0407573463
  1.11949185 -1.15200296 -0.768018546
  0.405315851  1.20445128  1.70698758
  0.798063543 -0.917583278  1.79764417
 -0.692311476  1.17565008  1.41689882
  0.489453643 -0.276298677 -0.639516309
 -1.21418056  0.270058056 -1.13467988
 -1.1918938 -0.507440113 -1.87957851
 -1.38154626  1.28461188 -1.43219632
 -1.81389058 -0.342379146  0.896693373
 -0.1959459 -0.935492425 -2.12837465
 -2.01204991 -0.447173337 -1.0941976
  0.653029195  0.504750201 -1.3833565
 -0.250550176  1.6723787 -0.296167757
 -0.798551381  0.539882317 -2.09086545
 -1.74598094 -1.46521267 -0.714364214
 -1.55939966 -0.0361073998 -0.146201579
 -2.14722029  0.670357979 -0.804523951
  1.6010091 -0.990100135  0.998828123
  1.70239411  1.08711623  0.410414997
  0.22570304  0.0130714872  0.336609003
  1.99157882  0.0570833818  0.79598627
 -0.251812465 -0.136644552 -1.39722478
 -0.120249816 -1.56917104  1.72714664
  1.8718415 -0.679589207 -0.0606273239
  0.751483614 -0.573414203 -1.65651259
  0.692915534  0.174645159  2.09107393
 -0.328237211  0.597062434  2.31128262
  0.0475392869  1.77980034  0.79601863
  1.51035576 -0.10636357 -0.970776628
 -0.50064517  0.152846491 -0.386425118
  2.24628627  0.36356755 -0.259278186
 -1.26920168 -1.05681332  0.221229568
 -1.0819031  0.129449616  1.61450983
 -1.17216456  1.02000779 -0.344351124
  1.40545465  0.982413792 -0.682877315
  0.385226363 -1.75018747 -0.153753566
 -0.228058864 -0.489925709  2.03294499
  0.670767178  0.888601361  0.699162616
  0.0242006846 -1.170437 -1.05852624
 -0.3644784  0.939739664 -1.12722578
  0.116312202  1.18841598 -2.0694331
  1.13601103  1.79297036  1.07992603
  0.204316675  0.11032049 -2.34558648
 -1.03994957  1.736069  0.504005487
 -0.396385147  0.862583523  0.419846499
  0.0536525259 -0.764610119  1.01823127
 -0.418444624 -1.67846243  0.6445702
  0.845756609  1.70384163 -0.00766216809
 -1.93084352  0.376036828 -1.91167021
  1.21761237  0.185526168  0.0414961959
 -0.778101755 -0.162389721  0.612435898
  0.678501205 -1.65345079  0.939401308
  0.837141834 -0.835202885  0.239716444
  1.43106348  0.777493093  1.47084692
  0.952453065 -0.117023376  1.07455911
 -0.976613219 -0.963425352  1.31902197
 -0.966266232 -0.722936781 -0.802055934
  1.70706545 -0.250774837  1.84313179
 -0.0496228883  0.300354566  1.3042044
 -1.43865276  0.700465956  0.698623704
  0.542852008  1.58065861 -1.09350369
