 -1.49806937 -1.8542104 -0.592769039
 -2.08054844  1.24673425 -0.388145721
  1.50796966  0.150858183  2.00640264
 -0.689904119 -0.279234753  2.26777673
  0.659937474 -1.82165547  1.3286913
 -0.0114367567  1.75255269  1.56454279
  2.16035383 -0.741066872  0.0418348936
  1.74692703  1.45990041  0.187070025
 -0.618337193 -1.96893792 -1.27623563
 -1.31828401  1.75737002 -1.03034646
  0.433997164 -0.354028318 -2.28977798
  0.222009273  0.774530929 -2.21530701
 -1.37309332 -1.19033054 -1.48985405
 -1.74555024  0.792516371 -1.35901076
 -0.446185696  1.55599856 -1.74193853
  0.104830783 -1.3774527 -1.9355094
 -1.38265945 -1.44905813  0.462065854
 -1.80141509  0.780276936  0.609173423
 -0.856587884  0.567483014 -2.05161385
 -0.642303246 -0.573303963 -2.12689153
  0.383610236 -1.7154943 -0.902152475
 -0.283841791  1.8378236 -0.667678616
  1.0216795  0.297669622 -1.60270799
  1.0903476 -0.841878317  1.67858493
  0.75214853  0.958600731  1.79739328
  0.410693082 -0.0648292439  2.15153087
  1.84780668 -0.298004647  1.0302605
  1.63926547  0.812209825  1.10352028
 -0.0173587299 -1.05949769  1.809652
 -0.355883469  0.742713253  1.92857456
  1.96618981  0.361964722  0.111562443
  1.41988965 -1.2907692  0.688619107
  0.873508089  1.61801243  0.88056072
 -1.25901256  0.249460483  1.45112622
 -1.0488098 -0.869597878  1.3772829
 -0.366774061 -1.64772476  0.90245969
 -0.915772069  1.27498442  1.09532115
  1.27701119 -1.23996979 -0.437542544
  0.73183035  1.66241439 -0.246022588
  0.522716516 -1.78763776  0.211488043
 -0.153691778  1.81336378  0.449107965
  1.39526141  0.88582764 -0.719408857
  1.60349954 -0.222773294 -0.792562346
 -1.60620266 -0.337908687  0.548611841
 -1.17343536 -0.135364971 -1.28891464
 -0.498623108 -1.59329728 -0.219476307
 -1.04575731  1.31948443 -0.0272700894
 -1.28453024 -0.792527037 -0.427345188
 -1.49391389  0.322172011 -0.353789359
  0.362257914  1.07065865 -1.1467247
  0.697213275 -0.712545367 -1.26439356
  0.180562502  0.0113170302  0.342483809
 -0.395036076 -0.914194252 -1.09369714
 -0.724649974  0.840573027 -0.977905209
 -0.0793632206  0.0799726158 -1.43785333
  0.832646906  0.0799922392  1.15797043
 -0.248606175 -0.131608394  1.28677323
  0.415376807 -0.889818366  0.82549035
  0.085326862  0.867275351  0.941435967
  1.15353711 -0.358062561  0.194224769
  0.950483067  0.722939332  0.265556989
 -0.794129358  0.38744118  0.479635929
 -0.58878634 -0.705746249  0.407499513
  0.280933936 -0.839666678 -0.264405561
 -0.0478570579  0.910720594 -0.148902305
  0.599268113  0.152823397 -0.610080122
 -0.482679535 -0.0604403309 -0.458052264
