  1.27644374 -1.44620128  0.128424314
 -0.572798285  0.62478847  0.301687988
  1.32341142 -0.607191307  1.89955862
  0.166113802  1.32617168  1.91655525
  2.2005012 -0.872964234 -0.16119653
  0.246190393  1.80150805  0.898751704
  0.4112899 -1.54054561 -0.608395109
 -1.38820809 -0.910079919 -0.439962283
 -2.20713922 -0.686410226  0.224331368
 -0.610999029  1.70142297  0.159604128
 -0.297887249 -1.32363426  1.06911722
 -2.11235522 -0.222385579 -0.84321228
 -1.45910697 -0.926726078 -1.51511346
  2.09760614  1.17981043  0.763765568
  0.958494299  1.58351515 -0.778551761
 -0.189761782 -1.92025014 -1.48491258
  1.72178993  0.287327195  1.34124543
  0.950904656  0.506681447 -0.616150134
  1.85236765  1.04416147 -0.32823781
 -0.663145181  0.853740756 -1.59044591
 -0.927417606 -0.630415563  1.70181089
 -0.173581516  1.56384159 -0.871076717
 -1.12663734 -1.85579353 -0.886301837
  0.747070027  0.360617574  1.92214411
  0.343637098 -0.913388046  0.286625496
  1.04224213 -0.0854847288 -1.52957726
  0.344285409  0.132533237  0.154704397
  0.491984057 -1.05572269 -1.61903988
  0.823557278 -0.232260309  1.01139061
  1.13863812  1.2617246  1.35029492
  1.77355373 -0.747769028  0.875004888
  1.25501796 -0.362495799 -0.00122916373
  1.20393562  0.646871721  0.452910068
  0.198768379 -0.627745429  1.81690988
 -1.98153434 -0.527016813  1.30628155
 -2.27965211  0.338356755  0.659146504
 -2.18722499  0.790612621 -0.39156371
 -1.1035597 -0.0420504553 -2.08587566
  0.339467593 -1.99390328  0.421336373
 -1.23472862  0.253739056  1.08072822
  1.21966213  1.72866786  0.318312292
 -0.692127358  1.23706078  1.19207358
  1.35440048 -0.979152136 -0.899269269
 -1.02867593 -0.0381733545 -1.00460687
 -1.45496016  0.0930264881  0.00050506922
 -0.540060644 -1.47421308 -0.0196244178
 -1.52832075  1.12701989  0.447304999
 -0.461549931 -0.978195036 -1.02202479
 -1.74873853  0.652210531 -1.42662652
  0.458741853  0.881090796 -1.51741723
 -0.274519355 -0.24124585  0.920713715
 -1.16575909 -0.780860053  0.627241326
 -1.598166 -1.71869866  0.242728942
  1.58130044  0.894369897 -1.41235502
 -0.517240807 -1.00990627 -2.10425722
  0.834135988 -1.31195459  1.17019449
  0.254836588  0.718873423  1.02004528
  0.423237416 -0.453020295 -0.715552351
  0.326621011  2.25075414 -0.130522569
 -0.507730203 -0.388302824 -0.132346057
  2.16389549  0.153441618  0.303095091
  1.90269027  0.00919380057 -0.794239361
 -1.10622506  0.992379652 -0.575849565
 -0.0898586776 -0.103732688 -1.6149184
  0.334611647  1.17327958  0.0139377199
 -0.146151908  0.490067136 -0.703114885
 -0.385582196  0.349028781  1.82508461
