  0.310129975  0.977418411  2.63903828
 -0.597295644 -0.375427145  2.49612886
  0.60140858  0.366798618 -2.56970165
 -0.679231806 -1.36852642 -1.89669061
 -1.47931812  0.735285752 -1.77303493
  1.51084038 -1.31340489 -1.36565349
  0.216339119  2.09138149 -1.16270028
  2.0644314  0.825171439 -0.91091448
 -0.795673916 -1.97346334  0.971375668
 -1.72145704 -1.33916789  0.845246151
 -2.13398051 -0.258481481  0.906163562
  0.330326792 -1.9468902  1.24190262
 -1.85580591  0.812519752  1.13462733
  1.179059 -1.2668036  1.54809943
 -0.987812276  1.51419681  1.44223922
  1.47023006 -0.169918696  1.77712398
  1.07306516  0.883080026  1.83787349
  0.107437249  1.54467485  1.70631604
 -1.83992232 -0.710204268 -0.0778509637
 -0.00665695215 -1.966257  0.17191419
 -1.29279375  1.41194143  0.369242135
  1.67749462 -0.623136483  0.773916137
  0.881793901  1.46616185  0.900901792
  1.06456249 -0.477972349 -1.98062639
 -0.443787065  0.555464548 -2.18612533
  1.3437384  0.600761724 -1.7510966
  0.411525319  1.23946208 -1.87810229
 -0.0402349698 -0.505850391 -2.24855895
 -0.977539385 -1.09934245  1.64657092
  1.14896575  1.46998232 -1.04092198
 -1.08910497 -0.319767321 -1.84560063
  0.418255295 -1.352527 -1.640237
 -0.637448762  1.42437963 -1.47564124
  1.80128225 -0.246503394 -1.14338635
 -1.38856077 -0.0279651191  1.70639887
  0.139571721 -1.07495809  1.91459243
 -1.40119671  1.08503521 -0.704295551
  1.61033482 -0.978299579 -0.29400211
 -0.346763402 -1.68548813 -0.866601209
 -1.27415654 -1.05008929 -0.992950078
 -0.545242535  1.76968095 -0.396167016
  1.88986799  0.101278033 -0.0644056846
 -1.67800421  0.0115384139 -0.930643123
  0.758447146 -1.65778306 -0.598699097
  1.486977  1.15758823 -0.000500261229
  0.55444875  1.79650473 -0.127548593
 -0.536214408  0.669319995  2.00815816
  0.433154565  0.00516143733  2.14022506
 -0.930413633 -1.34865521  0.0468966177
 -1.57871574  0.354194946  0.146237372
  0.842635345 -1.30478175  0.476123903
  1.29009885  0.425016784  0.842022898
 -0.20671539  1.45055174  0.638095885
  0.112476729  0.059644953 -0.525624758
 -0.365047244 -0.239953816  1.47271715
  0.351961706  0.21004155 -1.52709695
 -1.09392915 -0.472717136  0.719535453
 -0.190668654 -1.09158159  0.842596323
 -0.671844495  0.391377267 -1.13552207
  0.799540275 -0.616733929 -0.935059478
 -0.278109937 -0.643791858 -1.19626667
  0.162733549  1.05884106 -0.83471897
  1.07194733  0.435898243 -0.710847004
  0.639132406 -0.429978289  1.13822274
 -0.824325599  0.572702928  0.938840361
  0.246755055  0.600411032  1.20825834
 -0.123333138 -0.0875316331  0.465068329
  0.888316113 -0.276108007  0.105555829
 -0.579267286  0.729399489 -0.0943887798
 -0.849581218 -0.318967789 -0.314849145
  0.0562576385 -0.939598529 -0.191436967
  0.494610754  0.755759409  0.170241143
