  0.770389803  0.260568269  1.0652966
 -0.0163807432 -0.38671354  1.50576574
  0.0322884597  0.574556634 -2.55684784
 -0.51209363 -1.34865251 -0.816275949
 -1.7364971  0.456565803  0.585299179
  1.0711022 -1.1926176 -1.73515416
  1.1532087  1.71584144 -1.05081
  1.79356648  0.803818873 -1.256164
 -0.65761392 -2.12172075  0.9807358
 -1.76427792 -0.644767609  0.325993334
 -1.93129848 -0.306314373  1.39030344
 -0.029640304 -0.630692214  2.56076748
 -0.29511197  0.407664496  2.19657799
  1.03512101 -1.62246705  0.130295028
 -0.274884329  0.631114682  1.13213672
  0.509444953  1.07290799  1.74138741
  1.75816546  0.354593401  0.602957227
 -1.03707006  1.33830634  0.789353343
 -0.73241242  0.757224129 -0.899082847
  0.426787692 -1.82846535  1.07045519
 -0.952226003 -0.228583734  0.930710715
  1.50424513 -1.50815387  1.15071425
 -0.554590206  1.43666193  1.8014844
  0.801550352 -0.161190524 -2.07561154
 -0.953335718  0.454630805 -1.95276274
  0.836045605  0.95920688 -1.81071754
 -0.246782064  1.34773908 -1.71995992
 -0.303064163 -0.473780128 -2.16273398
 -0.32558181 -1.12094363  0.728260285
  0.0445348151  1.65085863  0.86930429
 -1.56181761 -0.970132408 -0.737628756
 -0.0392839875 -1.5072967 -1.82311892
 -1.75701785 -0.204630007 -1.53843169
  1.91164373  0.0150972171 -0.463547132
 -1.30552368 -1.22341373  1.19127212
  1.54904619 -0.413135723  1.41544946
 -1.25269488  0.571179416  1.60485223
  1.23829695 -0.851215007 -0.678127103
 -0.758038918 -0.311782983 -1.14987764
  0.267615679 -0.922012668 -0.177218801
 -1.01940438  1.78987154 -1.04313347
  1.29315483  0.922043583 -0.260776229
 -1.54707751  0.117674483 -0.484531275
  0.545537756 -1.70417648 -0.884477443
  0.951901441  0.174906484 -1.01446031
  0.661007176  1.80864886 -0.0526348433
  0.743736499 -1.07770658  1.86816327
 -0.0559573283 -1.93215465  0.0444464511
 -1.12225413 -1.56124803  0.118989055
 -0.989222886 -0.470693874  1.98932942
  0.942821466 -0.0729383853  0.0309161556
  1.12079573  1.26664456  0.80976614
 -0.431429652  1.49399995 -0.143739955
  0.00822683369  0.0841252653 -0.508558812
  0.775394716  0.0307134523  2.12722812
  0.0207175475  0.325679104 -1.52850623
 -1.50460079  1.20358588 -0.223749576
  0.738825551 -0.818826445  0.812011115
  0.331628289  1.06317278 -0.812843737
  0.279415247 -0.671883196 -1.22203176
 -1.10352896 -1.13798277 -1.74880349
  0.0553230827  2.10474918 -0.933849494
  1.76049502 -0.323826722 -1.52264895
  1.56790733  0.686617608  1.66470582
 -0.346663194 -1.38719508  1.7824146
 -0.175787105  2.50369062  0.135590974
 -0.00335936225 -0.153346501  0.492496658
  1.72634082 -0.752626038  0.343221466
  0.322387004  0.815363458  0.233531673
 -1.73022986  0.895779509 -1.27792842
 -0.773528678 -0.560717778 -0.104693452
 -0.748387942  0.5082023  0.149254844
