  2.1663068  0.332413464  0.513128094
 -2.15630641 -0.332413636 -0.513128324
 -0.702770572  2.1718668 -0.858788769
  0.659016887  1.7877833 -1.52247728
  0.79844494 -2.24825146  0.506222854
 -0.0226144258 -2.2958763 -0.82270955
 -0.756875877 -1.51373817  1.75617387
  0.0518400981 -0.348981958  2.41328296
  0.114232789 -1.09098219 -2.17832914
 -0.0343305354  2.14542427  1.15947719
  1.07029166  0.145277483 -2.18672796
 -1.17723528  1.24747903  1.73387569
  0.0108228195 -0.0180465273 -2.43884585
 -1.09379934  1.98209742  0.907360337
 -0.117766677  1.41080617  1.98599262
  1.17370161 -0.927658058 -1.9262106
 -1.00762818 -0.512309781  2.16116512
  0.302592347 -1.35041073  2.00829239
 -0.261023473 -2.41157787  0.254104019
  1.03685395 -2.13255011 -0.570590662
  0.356698365  2.33519264 -0.606671918
 -0.400451898  1.62445779 -1.77459432
  1.34912281  0.9261003 -1.45466891
 -0.564443571 -1.55257564 -1.4369306
 -1.37810758  1.69693872 -0.122782745
  1.07838636 -1.45764663  1.22727641
  0.575514838  0.550664833  2.03946267
 -1.5454321  0.223700929  1.53474924
 -1.0425603 -1.7846095  0.722561334
  0.742840071  2.02390129  0.381929913
  1.55650355 -1.22561411 -0.932215388
 -0.771824488  0.599139596 -1.95938182
  1.74587348  0.627500415 -0.470663139
 -1.76033717  0.681455487 -0.316521261
 -1.35430038 -0.940125799 -0.972310682
  1.84936095 -0.44625385 -0.20994692
  1.61076964 -0.562043386  0.867688707
 -1.84383593 -0.053723513  0.510624812
  1.35982534  0.440149309  1.27298786
  1.44332443  1.17532779  0.44584136
 -1.59289135 -1.05591596  0.105324629
 -1.45778818  0.133628753 -1.23302591
 -1.07648564  1.14890476 -1.04210142
  0.828262875 -0.453775037  1.63488466
  1.31916786 -1.34265775  0.147801471
 -0.804794489 -1.67008504 -0.357631142
 -0.669313406 -0.477212998 -1.69972568
  0.660349138  1.28845621  1.21185733
  1.04747719  1.47633142 -0.536671009
 -1.29569943 -0.78120312  1.12945286
  1.45464924 -0.149786661 -1.19429396
 -1.46361342  0.961028334  0.706426759
  0.0178131522 -1.61209151  0.969484568
 -0.48225548  0.38502455  1.77714412
 -0.315863217  1.85004973  0.128851336
  0.287040272  0.758369018 -1.69751003
  0.493264911 -1.38135177 -1.17796997
 -0.232538447 -0.614371892  1.37519105
  0.255888238 -1.49876684 -0.104385218
 -0.0144310247  1.30599151 -0.785401158
 -0.399604598  1.11906422  0.954299969
  0.390685686 -0.311917037 -1.43970488
 -1.06833958 -0.164693899 -0.25422888
  1.06833982  0.164693756  0.254228821
 -0.688846907  0.838285061 -0.0624399442
  0.374612071  1.00222655  0.190626943
 -0.388949183  0.29525892 -0.97091281
 -0.771613919  0.109548857  0.757457434
  0.291844938  0.27349055  1.01052468
  0.674509812  0.459200132 -0.717845688
  0.777090325 -0.605144571 -0.459414593
 -0.286368468 -0.769085626 -0.712482269
  0.540590153 -0.719919465  0.608776978
 -0.522868578 -0.883860965  0.355709297
  9.1954508E-08 -2.67358568E-08  2.69457575E-08
