 -0.16730774  0.460428382  0.21247914
 -0.654417428  0.179004101 -0.680331346
 -0.045066848 -0.513762949 -0.0976158392
  0.443898144  0.295912298 -0.62681127
 -1.10160658  0.890278944  0.0189619002
 -0.785197135  0.606224658  1.04298303
 -1.00602464 -0.174440736  0.297265647
  0.762337024  0.00679486483  0.410004047
 -0.19422338  1.17206953 -0.558353856
 -0.275230561  1.44843264  0.514714011
  0.316354915  0.718810223  1.10547331
 -0.136551263 -0.278777868  0.966453366
  0.688325139  1.0595054  0.113650149
 -1.42469267  0.766776993  1.90255159
  0.580465651 -0.721895459 -0.950168406
  1.52102938 -1.55947965  0.757074813
 -1.61917613  0.609092728 -0.907428474
 -1.98392704  0.247533608  0.099450769
 -0.0995677556 -1.05719377  1.73015722
 -1.51241321 -0.491456566 -0.622903526
  0.0821727092 -1.50479561 -0.413165877
  1.33481554  0.89271272 -0.75439019
 -1.41031092 -1.21027781 -1.48499454
  1.91889407 -1.13061758 -0.266692305
 -1.15250038  1.63759603 -0.771469712
  2.12080856  0.176085708 -1.16658199
  0.813825938  0.993549062  2.02894496
 -1.1392589 -0.129780027 -1.61058847
 -0.987715659 -0.957490957  1.06121136
 -0.874861946 -1.19154713 -0.0260849441
  0.217917068 -2.50106301 -0.738519628
 -0.555000779 -1.97437531  1.26991097
 -0.685004111  0.8951751 -1.49776839
 -0.306811197  0.883749117  1.98050326
 -1.75890536  1.05905  0.867884479
 -0.914462445  1.63268842  1.37719502
 -0.459380874 -2.21366449  0.179865807
 -1.66082576 -0.042915768  1.14937557
  0.358580075 -0.0348485727  1.89895797
  0.506002001  0.356045043 -2.39371989
  1.38955074 -0.17785516 -0.442264785
 -0.0366985452 -0.0202979733 -1.54124082
  0.156860423 -1.60130102 -1.47916939
  0.681166822  1.80780052 -0.676062197
 -0.305288978  2.21099454 -0.262539825
 -0.389735738  2.47642461  0.831119325
  1.66063884  0.597932834  0.3098713
  0.820530661 -0.77311088  1.17212926
  1.71996096 -0.47482297  0.605297622
  0.217011831  1.74702736  1.43957568
  1.57697019  1.67323785  0.00768117652
  0.598454459  2.09573688  0.421893861
  1.28546456  0.256626919  1.32561389
  1.2035555  1.34726453  1.02641185
  0.593006155 -1.85597904  1.33651071
 -1.77379488 -1.5732477 -0.479837873
  1.07767614  0.108658571 -1.48697795
  0.683101202 -2.09415897  0.246829402
 -1.8616686 -0.845334905  0.375270973
 -0.221913655  1.9136546 -1.34856794
  1.07977187 -1.69848735 -0.771628866
  0.895643357 -1.00680719  0.0787040719
 -0.00678893862 -1.29454309  0.63912304
 -0.769393158 -0.150432015  1.83517865
  0.433431243  1.00713676 -1.44865983
 -0.521600961 -0.841255626 -1.00303772
  0.652408588 -0.748192579 -2.03110363
 -0.786549421 -1.91974568 -0.882129144
 -1.44550398 -1.86829061  0.587327378
 -1.23804693  1.92292701  0.327608075
  1.59945884 -0.845085867 -1.30303177
  2.37593142  0.980248856 -0.425850547
 -2.06671222  1.34166349 -0.178115965
  2.43250893 -0.105390792 -0.141572269
 -0.464392248 -0.892128222 -2.08183548
