 -1.18717834  2.56202326 -0.235654358
  2.07487238  0.590947282  0.630649151
 -2.04294406 -0.658221535 -0.624241051
  0.423326309 -1.29460997 -2.04482793
 -0.710311537 -1.46238891  1.84212311
  1.23615037  0.0404173165 -2.10658139
 -0.0887739038 -0.155672251  2.43624133
  0.000246949311 -2.42720508  0.473378373
  0.310474863 -2.38129119 -0.59031282
  1.32211855 -2.07363283 -0.282018074
  1.01187279 -2.11954939  0.781734363
  0.301148813 -1.15416983  2.15063839
  1.43490281 -0.986373579 -1.73671101
 -1.10032371 -0.464252982  2.12810132
  0.224708206 -0.26814762 -2.41509034
 -0.417092425  1.36770178 -1.94597382
 -1.42781115  1.21811496  1.51951951
 -0.416781925  1.53108814  1.82243193
  0.591003437  1.68024096 -1.6330038
  0.152062576  2.26699554 -0.794611164
 -0.350684668  2.19258864  0.929179187
 -1.35625535  1.87871152  0.633450388
 -0.847553017  1.95399968 -1.1107583
  1.76725151 -1.14869596 -0.694229554
  1.14469339 -1.24083494  1.44036132
 -0.88065359 -1.85665341  0.822635178
 -0.258335686 -1.76455007 -1.31113195
  0.359732314  0.763110486  2.0124371
  1.36573741  0.911999857 -1.43689442
 -0.657004192  0.293825202 -2.05401683
 -1.66327876  0.14489613  1.39623845
  0.502829768  2.08935953  0.236837982
 -1.51798722  1.47885618 -0.378890007
  1.91518713 -0.279463867 -0.0328857662
  1.60425329 -0.325482265  1.03322599
 -1.45628643 -1.2550932  0.0998797607
 -1.1456782 -1.20912304 -0.96511555
 -1.34385518 -0.181094048 -1.33525669
 -1.84589769 -0.255396555  0.38611726
  1.28245849  1.3358742  0.431694445
  1.2113958  0.674198447  1.31813366
  1.71355868  0.748518864 -0.403653091
 -1.77677518  0.409566585 -0.500521599
  0.754663395 -0.239527367  1.72898403
  1.56996403 -0.118862383 -1.06647111
 -1.27402158 -0.857021389  1.11042036
 -0.458849335 -0.736375522 -1.68459443
 -0.570755587 -1.81219469 -0.244684904
  1.4581403 -1.19537034  0.373672032
  0.429568653  1.42765771  1.12378964
  0.932351226  1.50206983 -0.600121911
 -1.5951049  0.810162141  0.507147978
 -1.09204706  0.884614916 -1.2177073
  0.750461182 -1.44889721 -0.997161858
  0.131431504 -1.54051393  1.12533083
  0.353564855  0.598963419 -1.73665699
 -0.647636174  0.450785143  1.69620251
 -0.496074673  1.75012747 -0.0691375784
 -0.258230304 -0.546014944  1.41253145
  0.552878816 -0.425970365 -1.36855199
  0.441517976 -1.49639552  0.0641782579
 -0.0773935216  1.1834677 -0.906167378
 -0.578994826  1.10923045  0.813693853
  1.03783991  0.273056957  0.314474719
 -1.00447688 -0.345788595 -0.307883743
  0.26742301  1.01184813  0.121670622
  0.58145009 -0.629974868  0.716506511
  0.889553955 -0.584375324 -0.339901983
 -0.434508358 -0.93862573  0.406647109
 -0.126527959 -0.893044479 -0.649338029
  0.194057368  0.359613127  1.00024634
  0.692142022  0.433329938 -0.707557193
 -0.821416665  0.0508906682  0.690734687
 -0.323343005  0.124605812 -1.01703112
 -0.752747247  0.704290803 -0.189139912
  0.0165961594 -0.0368935853  0.00324781333
