  1.26233856 -1.47610843  1.8609238
  0.390978185 -0.963471314  2.30745731
 -1.16530832  2.26762006  0.713271905
  1.02283255 -2.20891645 -0.965167741
 -1.18879287 -1.80772642 -1.21413378
  0.306733412 -0.622383812 -2.41467281
  2.09728726 -0.230261732 -1.10312819
 -0.317244436 -2.14190601  0.847517072
  0.994216056  2.04514343  0.382116433
 -1.02241169  0.477132515  1.96722195
 -0.363311809  2.02754033 -1.33058023
  1.60682359  0.671676232  1.6438892
  0.558252505  2.2230983 -0.651615735
 -1.38245739  1.54323995 -1.36754584
 -2.15371967  0.936222537 -0.756864676
 -2.35450359  0.461528763  0.246007404
 -1.91703103  0.284325364  1.30009786
  1.76119317 -0.444544097  1.80123787
  0.821452679  1.50975595  1.41960899
  0.862930389  0.0761250908  2.21526893
  0.0741079723  0.92291324  2.01164585
  1.70953349 -1.14330071  0.912380104
 -1.86165912 -0.514167892  0.505493608
 -1.46291815  0.42639788 -1.48137871
  0.554403334  1.38806284 -1.40833107
 -0.102580712  2.22213776  0.250040541
 -1.35241366  1.24790324  1.23075639
 -0.285304399  1.71737637  1.28282641
 -1.01985674  2.02920149 -0.42470577
  0.356093801 -2.19033188 -0.0546084995
 -0.0848899477 -2.02368601 -1.09610092
 -1.78767562  1.4255321  0.181984848
  1.57269386 -1.22729086 -1.0392693
 -0.445986619 -1.22157627 -1.8267843
  1.21118718 -0.427011518 -1.77147939
  0.668922696 -1.42569982 -1.70318596
 -0.761766484 -1.98850447 -0.182765614
 -1.54221767 -1.17257332 -0.353664264
  1.37600755 -1.69550769 -0.0184776815
 -0.586324922 -0.0970120754 -1.96586895
  0.433862546  0.390642706 -1.93059783
 -1.34156517 -0.695214734 -1.3602858
  1.33712934  0.587039248 -1.26816835
  1.91624228 -0.695206225 -0.0917137287
 -1.09974468 -1.33992451  0.685456174
  1.77319528  0.414671911 -0.239229212
  1.41592701  1.03864595  0.615915728
  0.701308378 -1.65355377  0.899877776
 -0.200119538 -1.14974359  1.35432976
 -0.117856089 -0.13975504  1.80025579
  1.56878568 -0.049283861  0.7804184
 -1.67450287 -0.0452506178 -0.491407146
 -0.991679877 -0.330601061  1.17106595
 -0.457066647  0.913238205 -1.45589099
  0.993168166  1.22469631 -0.394571467
  0.125167308 -0.402414715 -0.305120535
 -0.734002235  1.36678778  0.366106283
  0.796178035 -0.630299147  1.35070398
  0.565762176 -1.28776836 -0.628306229
 -0.301427043  0.474769203  0.0262666356
 -0.523240974 -1.09047993 -0.749877374
  0.213833672 -0.506332428 -1.3415039
 -0.104192397  1.38609998 -0.504764949
 -1.09839024  0.913533567 -0.541371129
  1.0944931 -0.314025535 -0.697137331
 -1.29405921  0.449856811  0.436291637
 -0.0942679565 -1.25633628  0.264253142
 -0.426327662  0.636445375  1.08511383
  0.32080434  1.21543317  0.498266685
  0.646677476  0.442884135  1.20243322
  0.901746879 -0.771680191  0.291623344
 -0.853570373 -0.468037191  0.0902808694
 -0.655085522 -0.0024647509 -0.889213524
  0.00581268892 -0.282202729  0.73165404
  0.341546487  0.472700634 -0.854946128
  0.765844259  0.30217703  0.144375324
