  0.389282352  1.19161006  1.82959488
 -1.6335913 -1.29097644  0.255374799
 -0.583354235  0.718422686  2.12012908
  1.33898881  0.442599881  0.464790022
  0.1257904 -2.30357384 -0.505058155
 -0.752240606 -2.24466476 -1.21965856
 -2.09662882  0.821762587  0.888745252
  1.45640295  1.00061522  1.43362426
  0.288552071  0.319049944  0.288135095
 -1.01458513  1.27836529 -0.564017361
 -2.15660601 -0.621865665 -0.489638828
 -0.53839312  0.366044749 -0.40408067
  0.731700002  1.94409686 -0.905082807
 -0.330051686  2.12511953 -0.542051237
  0.236370967 -0.735663669 -1.99309757
  0.949805097  2.05431705  1.28367786
 -0.651829391 -0.151169742  0.573952385
 -1.48117595  2.22026185 -0.695902519
  0.647286357  0.232877998  1.29525391
 -1.16757933  1.3604707  1.3200301
 -0.18495399  1.84211205  1.05534275
  0.400515309  0.198138874  2.3432316
  1.37501899 -0.553111526  0.97317908
  0.575043016 -0.881474314 -0.96747054
  0.549587428  2.07212996  0.187212176
  1.4739093  0.00402858713  1.94572049
 -0.815031899  1.71975319 -1.51637753
 -1.06124395  1.89471766  0.333391465
  1.1189084 -0.149940044 -1.5777209
 -0.211461187 -1.36587522  1.41748794
 -0.392180431 -1.36624773 -0.701664333
 -1.83521606  1.2323062 -1.24138247
 -0.0406817002 -2.15341343  0.612013045
  0.472628981 -1.40917618  0.00611015126
  0.841056601 -1.55823882  1.02640181
  1.11583587 -1.80489834 -0.776460995
 -1.1465388  0.782588477  0.385203489
 -0.307524385  0.735160913  1.08211468
  1.7513081  1.41969643 -0.672910537
  0.231200535 -1.76324693 -1.50119456
  1.21043392 -1.2588876 -1.75896862
 -1.46767568 -1.44145945 -0.86205571
  2.06756124 -0.334535706  0.122257884
  1.65716168 -0.802453059 -0.824934243
 -0.554048087 -1.22236171  0.388346605
  1.00122645 -2.3297063  0.215639265
  2.28970897  0.769143441  0.0796806356
 -1.08314794 -1.94846457  0.993666173
  0.302533775 -0.650622881  0.787068786
 -1.27254992  0.255764116  1.373398
  1.5604537  1.54772831  0.422982037
  0.996716851 -0.439691453 -0.0471498038
 -1.62729351  0.367596049 -0.537933877
 -0.74346415 -0.20443397 -2.19391841
  0.624394356  1.18080701  0.786375366
  1.55236953 -1.34262132  0.172017169
 -0.023900602  1.13914749 -0.987568616
 -1.19418269 -0.846875279  1.1976247
  0.474516724  0.193399989 -0.781094383
 -0.38528475 -0.365633325 -1.18357721
 -0.914271067  0.581561125 -1.40650406
  0.130490378  0.380657427 -1.79493679
 -0.1948092  1.26290759  0.11242653
 -0.755549551 -1.23163417 -1.72116969
 -0.0418034084 -0.526567148 -0.202100482
  0.661761827 -0.760168306  1.81000575
 -0.926714166 -2.1104387 -0.11262829
 -1.46041403 -0.405695358 -1.34842305
 -1.08356819 -0.570042061 -0.340951712
  0.816550356  1.07480448 -0.267409235
  1.54795733  0.311164943 -0.626741359
 -0.310655251 -0.251526609  1.60529847
 -1.97572194  1.35234371 -0.0931780077
 -1.73410567 -0.166302061  0.447282077
  1.00349454  0.951947482 -1.36384941
  2.18350461  0.218437747  1.09407676
