  0.0446271518  2.80625897 -0.262313382
 -0.262436798  2.50270339 -1.2702298
  0.630740287  0.548568066  2.0814569
 -0.624828897 -0.692653742 -2.03986349
 -0.283815782 -2.11311752  1.32188449
  0.779982682 -2.1590361  1.01162532
  0.471597608 -2.46389788 -0.000627077929
 -0.592200571 -2.41797931  0.309632007
  2.14951333 -1.19295761  0.303442504
 -1.73761578 -1.02517071  1.43713228
 -2.04600211 -1.33003463  0.424872986
  1.84112573 -1.49782147 -0.708816416
  2.12757351 -0.498990967 -1.09687678
 -2.41555626 -0.302887978  0.228137031
 -2.10718297  0.00196281282  1.24035282
  2.43594768 -0.19414022 -0.0846612435
  1.82686928  1.49098283 -0.406813392
 -1.63456698  1.64039481  0.60272212
 -1.94283875  1.3356458 -0.40915603
  1.5185991  1.18623375 -1.418692
  1.43886234 -1.28091395  1.14656529
 -0.695149129 -1.18879991  1.76895444
  0.821512068 -1.89121011 -0.879841919
 -1.3124978 -1.79909614 -0.257453238
  1.39646181  0.112487554 -1.65807376
 -2.0539852  0.261425181 -0.651743287
  2.01361377  0.722587799  0.367684593
 -1.43683371  0.871525452  1.37401521
  0.632003758  1.84761005 -1.34504735
 -1.10599818  1.92263044 -0.83815525
 -0.79913083  2.22599151  0.169114699
  0.938870473  2.15097114 -0.337777212
  0.238017608  2.04491771  0.513451548
 -0.380715968  1.43325455 -1.51749931
  1.03190448 -0.366379728  1.60756123
 -0.0332487053 -0.320402672  1.9182155
  0.0992514433 -1.28837536 -1.45380639
 -0.965900402 -1.24239836 -1.1431525
 -1.33595037 -0.214334339 -1.33957472
  0.386356967 -0.288677276 -1.84188945
 -0.40353744  0.707424477  1.72100857
  1.31877065  0.633081504  1.21869362
  0.432354483  1.29470429  1.29081457
 -0.500745122  0.372267494 -1.77202141
  0.372383377 -1.23564651  1.45968289
 -0.245916079 -1.84688175 -0.569842836
  1.10984186 -0.890626007 -1.27089159
 -1.68509789 -0.769983176 -0.455741248
  1.72815066 -0.279382478  0.758662371
 -1.06679047 -0.158739583  1.57381311
  0.508098874  0.776898233 -1.58903429
 -1.21789015  0.85140009 -1.08564579
  1.12602393  1.38776268  0.439262874
 -0.599964935  1.46226454  0.94265133
  1.12391697 -1.57759215  0.132721104
 -0.998227168 -1.48599036  0.751649118
  1.69565505  0.414887673 -0.641538014
 -1.73577559  0.563004466  0.359246295
 -0.0708356854  1.72657024 -0.49841088
  0.0629258703 -1.53376416  0.442754732
  1.41177459 -0.582338785 -0.254717252
 -1.36891597 -0.462311015  0.55627728
  0.812856595  1.07576008 -0.571625885
 -0.904167727  1.14987498 -0.0708519572
 -0.308091568 -0.379450604 -1.00020737
  0.313996273  0.235528602  1.04175363
 -0.3403526 -0.622045657  0.89238418
  0.71541187 -0.667617451  0.584468145
 -0.649944212 -0.928099985 -0.123829543
  0.405820048 -0.973671769 -0.431745517
 -0.707294308  0.396648193  0.69728958
  0.999874533  0.322958702  0.199390026
 -1.01684315  0.0906361668 -0.318783726
  0.690325498  0.0169466857 -0.816683225
  0.121077184  0.9784146  0.270336299
 -0.188792088  0.672086021 -0.746788468
  0.00294797066 -0.0718541316  0.020742293
