 -0.124477742  0.257016571  2.66959289
  1.32261772  1.80381404 -1.44959494
 -1.49357758 -1.80152999  1.14214287
 -2.46263246  0.0313829047  0.242630057
 -1.63751246 -1.57669041 -1.10728408
  0.253739329 -2.36741199 -0.169283304
  2.05153894 -0.231934129 -1.0656435
  0.715301864 -0.467654016  2.51678862
  0.936110502  1.92713072  0.702909741
  2.17344315 -0.414374531  0.888276709
  0.390789183  0.0722500129 -2.4553124
  1.36247993 -0.33368276 -1.96389289
 -0.450465858  0.815716823 -2.33505822
 -0.879187644  1.64179665 -1.64928981
 -0.71560703  2.20539694 -0.686917272
 -0.0129143116  2.31673276  0.221836904
  0.86629192  0.599620408  2.2621123
  1.60276472 -0.700382467  1.83136171
 -1.05771646  0.234635238  2.01853758
  2.20822636  0.312483532 -0.0295095039
  1.73729935  0.369254065  1.54728431
  1.79400052  1.11277842  0.633507822
  0.616002387 -1.24135976  1.74055758
 -0.963660287  1.71325053  0.292298434
 -1.28759068  0.595984596 -1.61466099
  0.379722419 -0.875073647 -1.85615056
  1.55180155  0.66769181 -1.50441202
  0.857627391  2.00448661 -0.407518827
  1.72148574  1.22483849 -0.496454923
  0.586734264  1.07258163 -1.99468971
 -1.99249718 -0.889479842  0.699217187
  0.159458615  1.89463326 -1.31385222
 -2.06406556 -0.775739979 -0.437124249
 -1.77821366  0.138023301  1.13907871
 -0.622312327 -2.09971394  0.489847708
 -0.69503092 -1.98622549 -0.644706649
 -1.57769359 -1.70097979  0.016968235
 -1.72888915  0.884219359  0.272676811
 -1.28714701 -0.786546498  1.59331868
 -1.47624175 -0.491913564 -1.37494038
 -0.633234837 -1.23645791 -1.49960816
 -1.89355322  0.319751789 -0.694581675
 -0.440826122 -1.53362538  1.45960849
  0.320685047 -1.63506934 -1.02441805
  0.439298934 -1.81579254  0.796332358
  1.01130665 -1.53459873 -0.13376861
 -1.02773834  0.985305659  1.16560298
  1.73354557 -0.682626333 -0.0950130691
  0.881315379  0.952162481  1.22542945
 -0.223341723 -0.509793357  1.88949301
 -0.0782026292  0.600207777  1.63147656
  1.18871627 -0.956275309  0.83310186
 -1.13434157  1.16273751 -0.664660802
 -0.457770192 -0.141302905 -1.74764403
  1.06929895 -0.782677199 -0.981972754
 -0.0331481444  1.34294391  0.769903647
 -0.374816038 -0.342945962  0.0808087722
  0.7459704  1.08143472 -0.936200466
  0.745911304 -0.143280038  1.475323
 -0.922259842 -1.05810781  0.602010076
  0.179420845  0.363293497 -0.425037811
 -1.39956508 -0.154987538  0.159367028
 -0.992584852 -0.947840181 -0.505736521
  0.571139038  0.124999643 -1.3945415
 -0.250321692  0.850031495 -1.27764458
 -0.063283212 -1.33729096 -0.0446415187
 -0.0914329376  1.39915952 -0.338682739
  0.830476509  1.02252474  0.128827274
  1.24215022  0.222755805 -0.523905617
  1.29827917  0.131496641  0.567606002
 -0.715881834 -0.0553054074  1.03073063
  0.1085613 -0.785669459  0.896249672
 -0.831713964  0.114125946 -0.750566594
  0.239934066  0.291178587  0.647785329
 -0.00889305164 -0.613801109 -0.871537148
 -0.673652264  0.665954574  0.19115608
  0.660549709 -0.517642709 -0.00529900022
