  1.06713067 -0.086335594  0.888094592
  0.551535795  1.19918369 -0.681283165
 -2.13691897  0.447015001 -0.364717339
 -1.38725041 -0.366303376 -0.337223364
  0.771546215 -0.104550821  1.93847269
 -0.232771142  1.33696154  0.0777518157
  1.26038793  1.58674164 -1.39347881
  0.897902775  0.828741673 -2.14565164
  0.989381924  0.410480598 -0.0957388446
 -0.115454459  0.559122249  1.69270662
  0.914884915 -0.263943895 -1.88174465
  0.0133075257  0.138136075 -2.42599856
 -0.701217139  0.863263923 -1.95967958
 -0.64104511 -0.115450882  0.389753637
 -1.08443978  0.682055554 -0.193966873
 -0.857437412  1.42092809  1.76675867
  1.81060264  0.210383638  1.61848792
  2.36338491 -0.90075696 -0.263259928
 -0.280185726 -0.413901343  2.22373966
  0.198281088  0.460232342 -1.41482386
  1.63363071  1.23804988 -0.392972975
  2.01850965  0.1737488 -0.333216197
 -0.646884979 -1.18810106  1.48353525
  0.489378661 -1.29425196 -0.307920445
 -0.491081769  1.14650658 -0.949045445
  0.633873052 -0.331180991 -0.83072837
  0.16883474  2.29475353  0.355091992
  0.177792078  1.55131898 -1.68029994
 -0.101959238  2.11575046 -0.716519819
  0.844237876  1.38873086  0.378930731
 -1.08726501 -1.44124969 -0.283068118
  0.978102912  2.1550071 -0.425771636
  0.783111263 -1.26386489 -1.36143747
 -1.85432969 -0.0989254455 -1.30160962
 -2.07129892 -1.09318837 -0.749506184
 -0.186906131 -2.10818214 -0.046626644
 -0.370789281 -0.660724182 -0.534648883
 -0.807924721  0.132599293 -1.11865235
 -0.3148868 -1.15017175  0.445863595
 -0.884143488  1.92609562  0.719544367
  0.0835940489 -1.95613845  1.05305448
 -1.11767766 -0.928684231 -1.28000819
  2.10197422 -0.345003015  0.681688974
 -0.10719607 -0.599878474 -1.59218037
  1.49945925 -0.868713429  1.50429191
  1.65414826 -0.586678625 -1.08626642
 -2.32693678 -0.572988682  0.205276
  0.0512059148  1.51329171  1.14341654
 -1.7003915  0.734997707  1.50467851
 -2.0456519 -0.407437896  1.39259586
 -0.981322788 -0.12178155  1.40802149
  1.7399718  0.732887181  0.616129952
 -0.809221256  0.833673634  0.862926998
  1.78034058 -1.43032462  0.55394163
 -0.998407561 -1.94552733  0.721683256
 -1.15405972  1.77159042 -0.371905098
  0.907636951 -2.10709719  0.278030906
  1.28372736  0.490165711 -1.14517249
  0.934186083  0.877047913  1.39430705
 -0.253348964 -1.59986056 -1.05577064
  0.20853734  0.54839132  0.660888739
 -1.3565615 -0.887751536  0.656461549
  1.51026599 -1.58168767 -0.543213453
 -0.0663424037  0.375868975 -0.378781444
  0.350415409 -0.381060891  0.183526496
  0.447220738 -1.18953716  1.81151098
 -0.930795155  1.92076273 -1.51663788
 -1.74399309  1.26390111  0.45178168
  1.33884562 -0.632845061 -0.0387505497
  0.636856867 -2.24248911 -0.810585053
  0.0460284861 -0.400361512  1.18764408
  1.17067997 -1.9391097  1.36430666
 -1.53379506  0.978029057 -1.16134126
 -1.65499042  0.183905601  0.579028952
 -1.02295938 -0.197843637 -2.11891994
 -1.00394836  0.458176152  2.33215786
  0.750877498 -1.14461266  0.763041408
