  1.84223892 -0.936616024 -1.57081157
 -0.288851221 -0.798611344 -2.3072345
  1.78294735 -1.58592945  0.592007353
 -1.48916535 -1.64893754  1.3334808
 -2.13603036 -1.40311799  0.428268272
  1.93871121  1.65923092 -0.218457148
  1.29251656  1.90479567 -1.12273164
 -0.711919056 -1.21080305  2.08602513
 -2.43130322 -0.557408236 -0.320053541
  1.91175994  1.32095591  0.897586326
  0.193351729  1.97397973 -1.50712672
 -0.129171717 -0.270009073  2.37118328
 -2.25096538  0.536308078 -0.598020801
 -0.901586731  1.83786391 -1.20839141
  1.2198054  1.03169944  1.76025089
  0.103592199  0.8451039  2.07998032
 -1.63240542  1.50481204 -0.349347004
 -1.17509511 -0.205379248  1.99073446
 -2.26367006  0.208297489  0.467400108
 -0.957699532  0.925152802  1.71890034
 -1.66426651  1.19366008  0.730141803
 -0.895985913  1.93479277  0.382574008
 -0.18958459  1.66634845  1.37110072
  0.93327694  1.82910983  1.03616625
 -0.154927181  2.24264558 -0.486649249
 -1.96232028 -0.646865477  1.22661155
  0.957997481  2.17153174 -0.0948840153
 -0.00446181852 -1.631071 -1.60384275
  1.04560785 -2.03011504 -0.13439201
  1.07888206 -1.70004777 -1.2326342
 -0.0579482533 -2.14818358  0.175215986
 -0.704865903 -1.90234403 -0.730070226
 -1.6635866 -1.3280184 -0.583064263
 -0.390594947 -1.81177656  1.19833989
  2.0983624  0.590767469  0.0697557316
  0.827544515  1.07369948 -1.70860655
  1.8274526 -1.26824232 -0.491009798
  0.781717814 -0.870845625 -1.95439437
 -0.988903248 -1.07285098 -1.45728728
  0.700281198 -1.71476935  0.906530445
  1.9884901 -0.170495765 -0.755015645
  1.34599923  0.073661497 -1.65410712
  0.271936817  0.142449712 -2.02535866
  1.9585071 -0.498475181  0.334800902
  1.27578846 -0.784247832  1.19074148
 -0.8128005  0.00945091113 -1.73199657
  0.753771076  0.0193784397  1.75560803
 -1.31100399  0.804027495 -1.1338052
 -1.03699068 -1.57865944  0.312332888
  1.47166624  0.841318548 -0.82318442
 -1.50205711 -0.258503522 -0.860380529
  0.178952341 -0.897315258  1.4919972
  1.43328256  0.313811629  0.923555335
 -0.246832985  0.952283606 -1.42757154
 -1.33362256  0.197078255  1.00652545
  0.142373194  1.620854  0.338419191
  0.238508213 -0.406183206 -0.280741076
  0.261132772 -1.41716989 -0.571452168
  1.02539896 -0.664400035 -0.913174675
 -1.49424449 -0.558578577  0.220971693
 -0.867206947 -0.796863352  1.098438
  1.10875815  1.11030749  0.203636858
  0.482340795  1.34835655 -0.672961594
 -0.0220831296 -0.597118754 -1.275718
  0.996638186 -0.984249882  0.149864361
 -0.303016178  0.107224079  1.37604313
 -1.32268006  0.494713422 -0.0508582119
 -0.573697455  1.21713009 -0.389705126
  0.445788988  0.829708193  1.03694792
 -0.600176021  0.916210775  0.677692067
 -0.0656439248 -1.10020504  0.444032333
 -0.693373213 -0.861657404 -0.434401978
  0.528508432  0.318260723 -0.986114821
  1.15531278  0.0800645917 -0.108974807
  0.495537452 -0.198987964  0.721251236
 -0.523233048  0.188161871 -0.704399909
 -0.535877493 -0.112433343  0.352405738
  0.195110184  0.59227935  0.021413613
