  0.698409563  1.41568648 -0.760407411
  1.74602019 -0.0674908669 -0.570121203
  1.21400564 -1.68967191 -1.26247866
 -0.515041745  0.740985225  0.848624262
 -0.765424268 -0.0984232132 -1.05178215
 -0.218162748  1.72981766  1.17967037
  1.11378977 -0.28879637 -2.04733903
 -1.31554368 -0.84211796  1.57345662
 -2.26499439 -0.334878888  1.29862173
 -0.838383835  1.59336782  0.238816734
  0.922123112 -0.682976548 -1.01351612
 -0.0572206904  0.936942116 -0.136582744
 -2.43720435  0.105733264  0.28527892
 -1.03185549  0.900215085 -0.620872128
  1.92840762  0.339964323 -1.60120683
  0.822295639 -1.55954737  1.64318549
  0.233778298  0.115295109  0.462185818
 -2.25719248  0.777485804  1.16211453
 -2.14423848 -0.917054881 -0.204671853
  0.251410369  1.9286452  0.159563361
 -1.2991513  1.37715226  1.24835742
  0.939019011  0.405873223 -1.18190395
  0.574451426  1.24782478  1.84012847
  1.23474748  0.327617405  1.95891127
 -1.62848186 -0.735159474 -1.26172501
 -1.60567657  0.456091434 -1.46414304
  1.74912492  1.03835145 -0.737019257
 -0.40906275 -1.81589163 -0.212148162
  0.129774933 -2.01439326 -1.17109917
  0.203490491 -1.70743069  0.715315296
  1.71721611 -1.17226123 -0.396866809
 -0.985335787 -1.64179369 -1.13811436
 -1.97801581 -1.33665855  0.811643859
 -0.516539602  0.912848113  1.91883952
  1.32141502  1.55808101  0.177879479
  1.26230088  1.2788293 -1.72260139
  1.2831748 -1.37961103  0.626963783
 -0.656602937  0.320000472 -2.06991312
 -2.12552305  0.991341938 -0.47711198
 -0.0801249186 -0.837338741  0.136928897
 -1.51547837 -1.83173314 -0.105342455
  0.655347326 -1.50745108 -0.30996973
  0.42189274 -1.19802637 -1.88020519
  0.14946547 -0.204733078 -1.59104345
 -0.527687988 -0.209590082  2.08604376
  0.866527379  2.04568489  1.09475525
  1.50861674 -0.676411681  1.49502533
 -0.12963021 -1.00109361 -0.924905107
  0.552973227 -0.571325923  2.1163548
  0.278513461  0.429033461  2.56026271
 -1.66963671  0.0127218086 -0.468428555
  2.17180112  0.220443213  1.32922364
  1.1865613  0.165477004  0.884561527
  0.522964247 -0.710237873  1.03971507
  0.543818369  1.06515168  0.769211611
 -0.0992270713  0.766588341 -1.19860766
 -0.708175657  0.0738307348  0.00904109025
 -0.679881445 -0.834542966 -1.8753875
  0.196586023  1.64982965 -1.73926422
 -1.49649631  0.700156457  0.385056163
 -0.361170848  1.77079602 -0.772589276
  1.91097155 -0.775629892 -1.42907651
  1.97969409  0.636628127  0.295919458
  0.982132837  0.573453496 -0.119517666
  0.0963831943 -0.370580274 -2.63298174
  0.194878675 -0.0430156942 -0.556407285
 -1.49318443 -0.404899842  0.543954572
  1.53069247  1.14195774  1.21782958
 -1.31380756  0.266540676  1.4203579
  1.96498131 -0.482152397  0.467458404
 -0.25265792 -1.21065796  1.62180941
 -0.875472265 -1.33781075  0.678287495
 -0.524370063 -0.3552944  1.01109612
  0.450342998  0.64582621 -2.16686724
  0.967634942 -0.51910182  0.0488730452
 -0.910186507  1.32379724 -1.64428466
  0.25402141  0.268570091  1.49094909
 -1.04491605 -0.888851174 -0.335769218
