  1.95130546 -1.46762365  1.09986809
 -2.3239864  0.646600146  1.03572335
 -2.19057878  0.854139948 -1.19361045
  2.11983777  1.67328206  0.268103877
  0.0922062112  2.67760145  0.239321386
  0.909703602  1.72344757 -1.63277928
  0.690029315  1.38963152  1.98970385
  0.592990706 -2.63333908 -0.223964528
 -2.39493393 -1.15805866 -0.264465801
  0.00283305325 -1.37288664 -1.96177287
 -1.00084299 -0.878286854 -1.97547158
 -1.21448742 -1.2121521  1.62093437
 -0.211312126 -1.70762847  1.63443224
  1.99217378 -0.178969859 -1.0344268
  2.03298458 -1.36968946 -0.0150073889
  1.05036218 -1.32335078 -1.56141144
  1.34330616 -1.94753164 -0.680565442
  1.85769761 -0.370416434  1.19257702
 -1.26485838  1.44657353 -1.07970501
 -1.39787148  1.23963733  1.14187525
 -2.26899661  0.755331426 -0.0791898095
  0.87389162 -1.59712226  1.37614515
 -1.77906485 -0.284928799  1.33805032
 -1.6042195 -0.0122511529 -1.59561884
  1.27200209 -2.05135326  0.437272851
  1.52567987  1.70767202 -0.688829023
  1.11355268  2.1906647  0.255516394
 -2.35949947 -0.256124728  0.385281964
 -2.29292069 -0.152433016 -0.728831161
  0.391530894  2.04650376  1.12350115
  0.502307111  2.21475143 -0.703188363
  1.41432636  1.54032503  1.13823003
  0.298626356 -2.00394453 -1.09322265
  2.07543115  0.75465728 -0.389331544
  1.46569032  0.780775783 -1.34690329
  2.00706258  0.654363529  0.739670793
 -0.595433813  2.0790872 -0.426358656
  0.190833121 -2.17119093  0.705730939
 -0.662982508  1.97427569  0.698683114
 -1.69809592 -1.01790612 -1.12018252
 -1.80517754 -1.18503469  0.678499326
  1.28624748  0.510824739  1.60648755
 -0.360854736  1.32527255  1.58097851
 -0.183000101  1.59907293 -1.36974814
  0.413041782  0.724563731 -1.77031385
 -0.406661022 -2.14758944 -0.238112377
  0.194964248  0.384966229  1.88110061
 -1.40157756 -1.65609872 -0.251620714
 -0.0826978635 -0.276816504 -1.86489829
 -0.295325887 -0.611800387  1.7312448
 -0.704761719 -1.52114575 -1.11109188
 -0.812500969 -1.68894047  0.693918503
  1.94095709 -0.268766955  0.08340351
  0.958342356 -0.223153022 -1.46851634
 -1.34388862  1.3529202  0.0312452776
  0.785669501 -0.49979209  1.47810275
 -0.68112632  0.586960805 -1.48984075
 -0.856083787  0.312742969  1.45318637
  0.313492436  0.568598362  0.0574741473
  1.24489971 -0.859591757 -0.583236503
  1.20061032  1.10963568  0.160867351
  0.203710111  1.60344809  0.146726094
  1.17130863 -0.957253868  0.528594849
  0.605741179  1.13458693 -0.774339157
  0.497606778  0.970662915  1.00774158
 -1.43127499  0.329033001  0.490712095
 -1.3650955  0.431949848 -0.614983733
  0.49622013 -1.53107466 -0.12733668
 -1.46154931 -0.564101108 -0.153630045
  1.14091327  0.211980147 -0.48128134
  1.07374971  0.113203445  0.618725098
  0.208094025 -0.912243299 -0.991447369
 -0.458625211  1.00554859 -0.503223141
 -0.524262419  0.903261719  0.593704125
 -0.778387901 -0.425727351 -1.00473429
 -0.88470927 -0.591868343  0.782818005
  0.101299863 -1.07864547  0.795841545
  0.121329374  0.159206481 -0.892239232
  0.0164415709 -0.0070719618  0.886351538
  0.40667459 -0.465998145 -0.0347001744
 -0.561411351  0.011647465 -0.0463781175
 -0.488621813 -1.0595058 -0.14183721
