  1.57588432 -1.3731442  1.41878454
 -1.56364562  0.934410271  1.23079378
 -2.37880905  0.746072113 -0.535024312
  1.88567932  1.80451871  0.343581673
 -0.250487164  2.57773648  0.374477563
  0.639564914  1.79063787 -1.54740206
  0.515632756  1.29418189  2.06894901
  0.779694732 -2.53591667 -0.292070235
 -2.19522397 -1.45080222 -0.26910222
  0.64760724 -1.11771858 -1.97635102
 -1.20642627 -0.423295221 -1.95832916
 -1.35552354 -0.951041874  1.71528869
 -0.597717282 -1.74037653  1.27663579
  1.94706389  0.00130974864 -1.02950826
  2.328098 -0.960658811 -0.586053856
  1.69223408 -0.963173106 -1.55879577
  1.64559307 -1.73683343 -0.148428341
  2.28534877 -1.11522982  0.53239515
 -1.2347272  1.20653313 -2.04599274
 -1.4799308  1.25040572 -0.971405728
 -1.53294717  1.09914079  0.126047774
  0.502701648 -1.62279534  1.69741809
 -2.02444273 -0.0702966241  1.45819751
 -1.88368601  0.377895763 -1.53481066
  1.26894429 -0.773137353 -0.587517185
  1.27356491  1.80838557 -0.60881477
  0.823409928  2.20807569  0.360171265
 -2.42120515  0.590398772  0.586279951
 -2.34272477 -0.289235518 -0.103943088
  0.131221749  1.94907282  1.23231149
  0.192126013  2.19792731 -0.594853177
  1.21065216  1.55817863  1.21648489
  1.01500518 -1.73719514 -1.11555232
  1.93746628  0.910415179 -0.349103207
  1.30640758  0.903824417 -1.30222206
  1.89480431  0.754552224  0.773985675
 -0.876674611  1.93056757 -0.310213496
 -0.139065026 -2.13147366  0.322274766
 -0.918866084  1.77272387  0.811782789
 -1.87369753 -0.667014815 -1.09089566
 -1.94762105 -0.943711919  0.761443225
  1.20204018  0.498352871  1.64445999
 -0.531282384  1.12531201  1.66653992
 -0.433462028  1.52617896 -1.28719062
  0.0658274297  0.125146419 -0.856767078
 -0.093726597 -1.97032131 -0.843843975
  1.02518771  0.125446801  0.643847756
 -1.17330765 -1.57739845 -0.83444819
 -0.103805569 -0.299337823 -1.8504443
 -0.247560956 -0.794201844  1.74036288
 -0.479703436 -1.33073125 -1.69255743
 -1.21875381 -1.73886015  0.331760859
  1.91957193 -0.151601106  0.0800609585
  0.927261868 -0.152959298 -1.45583607
 -0.587435674 -0.117817271 -0.0136662271
  0.187628436 -1.16651505  0.778659916
 -0.787566025  0.459385027 -1.4104051
 -0.91377699  0.0669139948  1.49840551
  0.213428717  0.526419891  0.109384829
  0.601701662 -1.50488804 -0.156715482
  1.03571791  1.1501485  0.223524878
 -0.0179625814  1.53164277  0.239633628
  1.2272101 -0.924582328  0.504841431
  0.42062118  1.14425766 -0.709037882
  0.132710082  0.244641201  1.92617635
 -1.48663822  0.0594608689  0.535075525
 -1.44611622  0.21393904 -0.557082902
  0.941877624 -1.99124709  0.732751801
 -1.39287946 -0.779320026 -0.13821474
  1.06814922  0.277407152 -0.452062484
  1.86214085 -0.305195206  1.18799229
  0.258460503 -0.92367481 -0.995160502
 -0.613904989  0.888642834 -0.427980585
 -0.0108697091 -0.116292671  0.918924647
 -0.767549158 -0.552612463 -0.983386159
 -0.839194974 -0.793147868  0.787784199
  0.812074765 -0.557236549  1.47778611
  0.261488641  0.747499387 -1.72054269
  0.359892667  0.899308687  1.07439977
  0.411454421 -0.481661424 -0.021627915
 -0.655845781  0.733890664  0.665234974
 -0.408387813 -1.17830643 -0.15155224
