  1.40666127 -1.87571278  1.24982274
  1.55504499  0.174800383  2.14716748
 -1.86226142  1.71474599 -0.806646682
 -2.01065106 -0.335766055 -1.70399345
  0.897666018  0.968487595 -2.36151956
  2.51799995  0.238310835 -0.960954459
  1.10446955 -1.23289899 -1.92054124
  1.34555718  2.09852538 -0.462640977
 -0.273362903 -1.05543122  2.45695312
 -2.65871723  0.0194868235  0.395129405
 -0.475254087  1.12136763  2.03865975
 -1.51614064 -1.82495433 -0.101598851
 -1.27678458  1.48256492  1.34583912
 -0.714604937 -2.18615097  0.591219292
 -0.796853376  1.76045041 -1.09600075
 -0.944781402 -0.283671401 -1.99055253
  1.80546119  0.587760892  1.15335467
  1.65753149 -1.45636152  0.258804434
 -1.94589754  0.693349475 -1.26257811
  1.48931162 -0.854663369  1.70670886
 -1.57817885  1.60946916  0.272566346
  0.542481158  0.653831446  2.10559977
 -1.77344106 -1.0887436 -0.908227489
  0.347224711 -2.04438221  0.92480654
  1.71975276  0.607610642 -1.67283175
 -2.26075125  0.866781195 -0.205410846
  0.640384511 -0.440563334  2.30223993
  0.566216417 -1.46548185  1.85371436
 -2.33492158 -0.158137166 -0.653936296
  1.12715265  1.54547998 -1.42070935
  1.8232362 -0.503069815 -1.44918232
  1.00556856 -0.134601359 -2.15594777
  1.94481981  1.17701176 -0.713943809
  0.0467568859  1.37872649 -1.74274557
 -0.028159551  0.343508614 -2.19577923
  2.18080958  0.417051399  0.101860667
  2.10589295 -0.618167451 -0.351172169
 -1.96826045  0.751531296  0.870389749
 -0.373978273  0.0330950917  2.24843768
 -2.08798994 -0.902942086  0.146358088
 -0.493705063 -1.62137809  1.52440531
  0.0768237269 -0.766204512 -1.97359074
  1.58986023  1.35506637  0.352379396
  1.39341245 -1.35950401 -0.835573078
  0.273271044  1.94836479 -0.785637991
  0.564994984  1.83561589  0.303336911
  0.321995178 -1.52223063 -1.16612756
 -1.86772692 -0.340571511  1.08708972
 -1.07333903 -0.698548772  1.77373291
 -0.21526819  1.53515547  1.04939228
 -0.454587075 -1.77182449 -0.397813513
 -1.17907028  0.392390163  1.56865246
 -1.29922709 -1.26800778  0.84202768
 -0.879645288  0.744336797 -1.5554071
  1.74522315 -0.438516552  0.71344482
 -0.513055624  1.66524667 -0.0189186712
  0.603544209 -1.63327558 -0.0691015271
 -0.708959294 -1.0418177 -1.20358837
  0.799449068  1.07378925  1.11556703
  0.455355665  0.160883272 -0.44293219
  0.671350553  0.557359187 -1.3846311
  1.46782716  0.198440031 -0.696182403
  0.891712055  1.11346351 -0.451136573
  0.773121686 -0.525256172 -1.16827472
 -1.19611858  0.908926959 -0.488112645
  0.883275468 -0.0281148914  1.30924994
  0.809653584 -1.0454695  0.864034606
 -1.2697418 -0.108427183 -0.933328213
 -1.5859762  0.0678342436  0.107258218
 -0.0232317124 -0.636388983  1.45804472
 -0.154959188  0.950615805 -0.766417683
  1.12265769  0.374879386  0.337912668
 -0.228007143 -0.0587872991 -1.2081542
  1.04960912 -0.634523996 -0.103823256
 -1.02765172 -0.847504476 -0.141230034
 -0.121267755  0.441575971  1.25880216
 -0.908685656  0.796412392  0.578182394
 -0.240232067 -1.2023409  0.539389332
  0.130099479  0.843059479  0.28901045
  0.0117044409 -0.792958198 -0.426945858
 -0.550589423  0.115651523 -0.173225012
  0.221059747 -0.23207879  0.493763857
 -0.81396494 -0.28758506  0.791756772
