  1.2002207 -1.95978167  0.887910185
  1.78185365 -0.0890102793  1.83716817
 -1.32827841  0.759945493 -0.444195961
 -2.0264495 -0.923936626 -0.373966218
  0.705715827  1.08329241 -2.3546134
  2.43197804  0.554873496 -0.971005672
  1.19182931 -1.07858741 -1.91892723
  1.04459057  2.25985457 -0.456045162
 -0.189125182 -1.04892647  2.36466101
 -2.54651715 -0.301294964  0.483609054
 -1.0910459  0.882822863  1.68200011
 -1.35769573 -1.78699962 -0.632193049
 -0.413157726  1.51493514  1.0776311
 -0.267661121 -1.80911443 -0.378098724
 -1.06152199  1.65922112 -1.05518776
 -0.971648454 -0.390658912 -1.951432
  1.70216324  0.809123507  1.16344009
  1.79655344 -1.23687224  0.263550255
 -1.96807886  0.044191828 -1.66063957
  1.82890982 -1.12132661  1.38298014
 -2.01376408  1.0786792 -1.20853876
 -0.00880343473  1.1443766  2.05518804
 -1.71256403 -1.06914485 -1.43812823
  0.16596663 -2.25146541  0.547397268
  1.58055258  0.825128889 -1.67524685
 -1.50683378  1.60885333  0.852524971
  0.934868101 -0.811151019  1.98662026
  0.315257592 -1.6414182  1.49118274
 -1.83289707  1.68767769 -0.233204326
  0.878597834  1.68512873 -1.41456475
  1.82507229 -0.26642586 -1.45384574
  0.952737394  0.000125659198 -2.15250264
  1.75097694  1.41799323 -0.715108071
 -0.183443622  1.3855503 -1.72098151
 -0.137899791  0.348021188 -2.17467167
  2.08782633  0.688508696  0.101124085
  2.1355705 -0.347440029 -0.354188411
 -2.101987  0.786626617  0.372095158
  0.230245821  0.0629904849  2.24565686
 -1.71773778  0.0898833288  1.19865167
 -0.539974917 -2.33805792  1.39028082
  0.108850641 -0.742887247 -1.95447337
  1.3874153  1.54890356  0.359349628
  1.5100481 -1.17039914 -0.834526
 -0.0106659767  1.97913608 -0.762958983
  0.313084689  1.90607873  0.321149141
  0.461661557 -1.46433358 -1.15508659
 -1.72895414 -0.83214992  1.79540483
 -1.66907992 -1.02831652  0.712256606
  0.646461788  1.17143036  1.13336552
 -0.111510845 -1.21243572  0.555829757
 -0.838007586 -0.18936288  1.90546218
 -0.973951843 -1.87574643  0.472901595
 -1.02369038  0.638896217 -1.51473713
  1.76211809 -0.215785267  0.718782443
 -0.745498237  1.60070543  0.0152704942
  0.770117975 -1.53639673 -0.0584597298
 -0.626777065 -1.11215072 -1.17094403
  1.06856845  0.790336011  2.09732108
  0.406307562  0.230300995 -0.437452598
  0.549406656  0.648786855 -1.37815388
  1.40082556  0.388264302 -0.695852045
  0.717316518  1.22871588 -0.442951615
  0.78963366 -0.416834221 -1.16341976
 -1.56522139 -0.111471279  0.147281275
  0.86024838  0.0849962154  1.31117542
  0.905939639 -0.923675551  0.867315298
 -1.28383464 -0.250646053 -0.885346537
 -2.2806901  0.179483714 -0.591013626
  0.0423727112 -0.607992978  1.43510232
 -0.308734926  0.938262706 -0.744314304
  1.04719934  0.52088467  0.344092419
 -0.264226248 -0.0757538103 -1.18757166
  1.09404868 -0.490369993 -0.100899361
 -0.935985633 -0.950173119 -0.109717528
 -1.00854488  0.692025631  0.605896407
 -0.1813483  0.434679662  1.2699021
 -0.800721583 -1.27845233  1.41905425
  0.00876847105  0.87042982  0.304276212
  0.0807906967 -0.776326601 -0.414817901
 -0.574356951  0.0623721778 -0.151082205
  0.228769238 -0.188257774  0.49314144
 -0.792554146 -0.370963002  0.823062175
