 -2.07052558  1.1475876 -1.08228581
 -0.897351996 -0.312562142  2.3580635
  2.45458413 -0.561931783 -0.200483777
  0.29087846 -2.72121835 -0.166291378
 -1.82471968 -1.93184751 -0.0606642506
  2.39275577  1.36504178 -0.140146996
 -0.598388987 -1.62479068 -1.92813974
 -0.725828704  2.53143013  0.0280276393
 -0.454935616 -1.70908495  1.71975348
 -1.54395638  0.543217464  2.03176516
 -0.488343596  0.731830818  2.3365071
  1.04195293  1.17774159 -1.90053039
 -1.97925063  1.07991024  1.15590809
 -0.0045401484  1.56879285 -1.84382442
  1.19177839  1.06837009  1.71354972
  1.53813709 -1.2001616 -1.30285974
  1.6313583 -1.2658871  0.935751166
  1.72580563  0.331601043 -1.62502147
  1.84985351  0.243488167  1.33049164
  2.39605963  0.421643052 -0.733821604
  2.44258053  0.387902083  0.393200224
  0.144695642  1.45615696  1.77002057
 -1.86957461  0.0618454171 -1.12323987
 -2.03706288  1.12001509  0.0377770367
 -1.0433021  1.36631962 -1.47303096
 -0.772795609 -2.34252689 -0.112986628
 -0.153638378 -2.18680732 -1.05592662
 -1.22128976 -1.78853475 -1.0023001
 -0.0808913712 -2.23307792  0.783847322
 -1.39782875  1.83986477 -0.526783887
  1.71834931  1.27186233 -1.02095341
  0.9681301 -2.01339136  0.393032807
 -1.1470102 -1.83403714  0.836361794
  1.79436374  1.21787701  0.787167752
  0.921189107 -1.98048032 -0.744598919
  0.473525167 -1.42717675 -1.63065331
 -1.35283539  1.80698789  0.592384697
 -0.365364152  2.04997079 -0.90787623
 -1.86540855 -0.939390742 -0.599201152
 -1.24818293 -0.785199839 -1.54013171
  0.593313636 -1.50801956  1.33981361
 -1.82135724 -0.971683697  0.530470824
 -0.208344584 -0.568613889 -1.92883408
 -0.290441456  1.99546391  0.900126586
  1.35480795  1.76079766 -0.0837227412
  0.316132858  2.14871289 -0.0273407675
 -1.77679676 -0.00642988492  1.10518127
  0.184757443  0.482488474 -1.88619529
  1.58517862 -1.25552264 -0.184194907
 -0.921544035  1.27768127  1.46934984
 -1.1285961 -0.859870938  1.42243413
  0.680379783  1.67213612 -0.967148456
 -0.0531685624 -0.666200933  1.73738576
  0.755922052  1.61766055  0.847020146
  0.860785236 -0.361508774 -1.61362146
  0.987612569 -0.450101287  1.34906311
  0.342617872  0.369730217  1.72073509
 -1.84141055  0.0320269355 -0.00744782548
 -0.849143492  0.278903392 -1.52126652
 -0.133517071 -0.639216123 -0.0969931257
  1.53541686 -0.259217651 -0.716783844
  1.58155413 -0.292334838  0.406439485
  0.0760850197 -1.66075638 -0.130522927
 -0.715314576  0.19137094  1.40459027
 -0.964521321 -1.27283835 -0.0791730095
 -0.362050902 -1.12166543 -0.997559232
 -1.19000837  0.758097839 -0.565272542
  1.52380611  0.675293795 -0.125361949
 -0.289718034 -1.16728002  0.795072117
  0.681448646 -0.92359846 -0.69244924
 -0.521390646  1.43962959 -0.0136824151
  0.727631419 -0.95655869  0.414042143
  0.860529613  0.583486827 -1.00049889
 -0.988545757 -0.300480264 -0.604436589
 -1.1466317  0.726281096  0.544169907
  0.938049192  0.530457994  0.794017607
 -0.168748151  0.96858218 -0.944390912
 -0.945308067 -0.333946792  0.491733604
  0.0199092674 -0.0929941633 -0.98140268
  0.101829968 -0.146957111  0.799569028
 -0.0918714943  0.915741767  0.851849793
  0.687513337  0.00529637267 -0.112142369
  0.505676885  1.06973289 -0.0694664896
 -0.325501039  0.38487353 -0.0550133643
