  0.366050646  2.34032436  0.450735298
 -0.238657491 -0.356055088  0.565868487
  1.38764395  0.938716666 -0.877666023
  2.18951253 -0.292425536  1.26944802
 -0.180237051 -1.35860227  2.00349255
  1.60030771  0.599883551  0.907031786
  0.592702886 -1.77149346  1.2114399
  0.521633492  1.5999991 -1.24418988
 -2.05674886 -1.19732483  0.0238247702
 -1.37236706  1.12275038 -1.45524602
 -0.384184482 -1.36082436  0.945915742
  2.56735331  0.337133124  0.402960362
 -1.86613962  0.96317076  0.444068984
  0.0340717455  0.214863305 -2.47745031
  0.86786853  1.04613152  1.67624456
 -0.613418921 -0.916610175 -1.15071186
  0.640603183 -0.706176319  2.39926589
  1.1156022  1.8887246 -0.312346836
  1.26379264 -1.18355337 -1.30645581
  1.21631866 -0.0151837453  1.75141781
  1.64369628  0.155097995 -0.118229754
  2.42976124  0.551986875 -0.736969318
 -0.719024047  0.870951979 -0.621765172
 -0.694319366  2.30246528 -0.0203795586
  0.344090809  0.64129851 -0.784711249
 -0.0283361654 -2.08434363  0.20764847
 -1.6143386 -0.831448128 -1.5158833
 -1.20532125 -1.82522306  0.394255384
 -0.440428168 -0.455230834  2.60313142
 -0.0873167643  0.615214836  0.178395212
  0.792798522  0.651683301 -1.77897654
  1.07181503 -0.122557774 -1.01860205
  0.878406489 -1.83947042 -0.416063264
  0.550665686  0.308534974  0.954646644
  2.25199375 -0.723765513  0.234723392
 -0.168026112 -1.86870139 -0.891654051
 -1.55105739  0.147739451  1.19672808
  2.11590509 -0.510057474 -0.896102146
 -0.354042899 -0.145717639 -0.483268603
 -2.37065713 -0.420013376 -0.794481898
 -1.30939697 -1.38003821  1.50202574
 -2.10262338 -0.111385291  0.248658127
 -0.290468202  0.893057281 -1.63315171
  1.24726791  1.67638757  0.803215955
 -0.510692438 -1.1542666 -0.113379431
 -1.28939402  1.24451057  1.38104786
 -1.99907116  0.210417099 -1.65981644
 -0.687302693 -0.586083933 -2.16423684
  1.48932288 -1.53705269  0.552728226
 -1.0807445  0.258946538  0.220215359
 -1.35367712 -0.52976287 -0.467777159
  0.953364981 -0.407890276 -2.06713723
 -1.23403192 -0.740642151  0.600975132
  0.136248399  0.211402552  1.9482525
  0.0755436939 -0.149666416 -1.4692584
 -0.681677969 -0.470922353  1.53799647
 -0.956728509  0.435411089  2.11794014
 -1.75148459  0.505544034 -0.605183787
 -1.06521175  0.457400499 -2.3144108
 -1.31001391 -1.61675795 -0.718680019
  2.02410348 -1.61573349 -0.504100819
  1.32262467 -0.863503612 -0.273352343
  1.39666787 -1.09675394  1.59725886
 -0.519256374  0.527516858  1.12962938
  0.365381993 -0.919053736 -0.734136847
 -0.990014809  0.082449367 -1.30879492
  0.913937986  0.917831982  0.11306287
 -0.5650513  2.08771721  1.10088987
 -0.245578545  1.27787602  1.8577158
  0.21500653 -1.21221694 -1.78166522
 -0.585568006  1.84171166 -1.07365152
  0.402263973 -0.688715399  1.34908293
  1.83776277  0.262192518 -1.66345811
  0.0718706958  1.56406564 -0.244921346
 -1.58993718  2.03861615  0.621583756
  1.2783302 -0.456378195  0.726063802
 -0.825811126  1.30996204  0.393843944
 -1.49684664  1.59596237 -0.422872463
 -0.867139895 -1.69499851 -1.81491935
 -2.18330299 -0.801992648  1.10820829
  0.201431249  1.35285476  0.864918233
  0.616048112 -0.119304915 -0.0450853244
  1.9589432  1.21496072  0.0440305945
  0.486932378 -1.12556657  0.340557133
