 -0.236869781 -2.51089928 -1.04515941
  0.131044961  2.23229158 -1.42679563
 -0.738783785 -2.2945721  1.13152287
  0.115036361  1.08648809  2.32038609
  2.31399183 -1.31018305  0.590832405
  2.48830965  0.935364588  0.401486487
  2.1365634 -0.328127056 -1.43371681
 -2.16437374 -1.58606935 -0.424151953
 -1.90675342  1.72507942 -0.689060792
  1.301153  0.0414790103  2.10191073
 -0.285805274  1.96568407  1.75114656
 -0.369716752  2.44785937  0.748013363
 -0.967171075  1.12791027  2.02919448
 -1.01802949 -0.698400147 -2.11256524
 -0.929728558  0.41400095 -2.20075123
 -1.82638923 -0.350638486  1.39798971
 -1.73660591  0.760407209  1.30962744
  0.727408966 -2.00033332 -0.866962638
  1.00666945  1.61079308 -1.16561196
  0.226621179 -1.78413668  1.30103965
 -0.489927964 -2.41588395  0.0441222343
 -0.119856555  2.35356456 -0.34075924
 -0.630883755 -1.61320709 -1.58955248
 -0.402176363  1.33050992 -1.82613476
 -1.29227626 -1.33014484  1.27366157
  2.41766581 -0.188346254  0.500835005
 -1.20132715 -2.04864738 -0.734659465
  2.32736696  0.307266591 -0.521454083
  2.23905609 -0.826378172 -0.425944062
 -1.45204128 -1.94048036  0.353174576
 -0.888465054  1.97843991 -1.05785652
  1.8210149 -0.641739605  1.35801452
  1.90815988  0.490548897  1.26186378
 -1.13944678  2.08740007  0.02954222
  1.27783837 -1.56246129  0.957095992
  1.53175976 -1.67267143 -0.141626481
 -1.59135289 -1.1429173 -1.26880965
 -1.4183047  1.07005668 -1.44522421
  1.44257782 -1.17678098 -1.16169953
 -1.99689179 -0.969602753  0.487083981
  1.76071826  1.28682682 -0.388572929
  1.58380569  0.650144581 -1.31349135
  1.50773211  1.39935537  0.70898917
  0.772285864 -0.883628709  1.71786002
  1.04605929 -0.265348123 -1.7076898
 -1.82356198  1.24390081  0.311124384
 -2.08477818 -0.481184014 -0.513985222
 -1.99884024  0.621595655 -0.601801954
  0.509187396  1.82551264  1.00074573
 -0.0496777202 -0.19843461 -1.93875461
 -1.06132597  1.61286944  1.03216647
  0.909737693  0.945329296  1.56122499
  0.213237158  0.0908684439  1.84905967
 -1.51566992 -0.0358238066 -1.36294983
 -1.9224565  0.138407578  0.399530855
  0.478509804 -1.90822507  0.21892262
 -0.856915036  0.140853907  1.56524305
  0.761827103  1.7369549 -0.0825823904
  0.478817255  0.713001269 -1.57027688
  0.338787944 -1.10877124 -1.42007119
 -0.325343756 -0.826621557  1.45106825
  0.651269007 -0.088894434  0.0751095826
  1.4665731 -0.688996112  0.328659194
 -0.181150112  0.9843212  1.27238046
  1.55267433  0.414801308  0.23507057
  1.37972669 -0.205918809 -0.66737287
 -0.243055467 -1.53211358 -0.560466074
 -0.492182429 -1.42438129  0.518936426
 -0.0191581217  1.35471589 -0.793373121
  0.972182435 -0.027649384  1.07098633
 -1.19540009 -1.06986908 -0.252451718
 -1.02658512  1.10033643 -0.424590082
  0.69522341 -1.02793607 -0.38867351
  0.832393471  0.745102554 -0.536201606
 -0.268012446  1.46442994  0.28462717
  0.448171552 -0.921682161  0.681607889
 -0.630917127 -0.636571272 -1.0920534
 -0.545263842  0.456575139 -1.17850826
 -1.03482257 -0.465990355  0.650992312
  0.588582417  0.85299209  0.529450934
  0.313457304 -0.143194718 -0.91873052
 -0.0884258379  0.0213359176  0.812033233
 -0.949794716  0.62772996  0.565598671
 -0.257780986 -0.573904512 -0.0868357597
 -1.12396824  0.0159956253 -0.341845992
 -0.17493374  0.498658778 -0.170156451
