 -1.04162006 -0.23951463 -0.77123306
  1.04715419  1.01738607 -2.14765079
 -1.1827051 -2.11657915  0.943442767
  0.972608949 -0.272646523  1.12612716
  1.72332671 -1.90769212  0.453986243
  2.60295784  0.165596203  0.207878725
  1.65392993 -1.38480727 -0.552817716
 -2.59483159 -0.617220182  0.104182671
 -1.36103243  2.29566048 -0.231553939
  1.45516111 -0.364556825  2.08785799
 -0.61940514  0.489856145  1.88341802
  0.762391823  2.46840754  0.410441109
  1.30223184  0.651362359  1.60806018
 -0.142066609 -1.83409923 -1.81644969
  0.23121556  0.301829047 -2.42455815
 -2.04710838  0.18228917 -0.556259168
 -0.717905431  1.59984449  1.77167634
  0.753906935 -1.28577187 -2.22664652
  1.17848159  1.51443233 -0.00968079764
 -0.248742421 -1.84972871  0.383171549
 -0.94185157 -1.07751317  0.804091133
 -0.182473388  2.38419616 -0.187257013
 -0.894870025 -1.2257127 -0.289351419
  1.2196199  1.35322777 -1.10829789
 -0.463535766 -0.600636345  1.70006634
  2.1797559 -0.878094801  0.328903527
 -1.8683398 -0.971411835 -0.767485686
  2.09695334 -0.336270907 -0.679551738
  0.680556059 -1.42632577 -1.140001
 -1.96663451 -0.712493345  1.09663115
  0.323677833  1.76072799 -1.62299676
  0.585555105 -1.03637267  1.80616534
  1.59890579 -1.14587775  1.28154597
 -0.771126345  2.10689302  0.770707744
  0.720766337 -1.81512092  0.982699197
  0.766188265 -1.96836439 -0.139297204
 -1.1440198 -1.7214031 -1.22429854
 -0.675602612  1.85003045 -1.09248366
 -0.493501838  0.0249415564 -1.67324999
 -1.17347144  0.508890437  0.0273966862
  1.92766072  0.768276157 -0.465682622
  0.868479628  0.565373435 -0.450139156
  1.88153028  0.919808605  0.65987049
  0.41486225  0.0667596596  2.00834761
  1.55279204 -0.842307746 -1.54759388
 -2.08987385  0.334483152  0.605628351
 -0.522471293  1.08889425 -1.92453176
 -1.60124319  1.23742596 -0.67738932
  1.12230677  1.65130212  1.09830128
 -0.617418461  0.76687284 -0.886852049
  0.168974838  2.19010979  1.37541207
  2.04383552 -0.0971180788  1.15771189
  0.820462376  0.712346775  0.64177308
 -1.64255488  1.39033809  0.483877977
 -1.58693632  0.852252539  1.47588705
 -0.193557837 -1.98468252 -0.71945451
 -1.83062375 -1.50504408  0.263054073
  0.809127644  2.31807261 -0.712169986
  0.533251853 -0.400826924 -1.6263739
  0.171987998 -1.07311672 -0.255004851
 -1.31972988 -1.3179837  1.78225489
  0.0274590667 -0.0878470097 -0.731989497
  1.10478448 -1.03344534  0.320450578
 -1.48741472 -0.211893447  1.98153772
  1.53885202 -0.0110593431  0.199653826
  1.02908228 -0.505820085 -0.661852774
 -0.336257598 -0.970661049 -1.20312614
  0.12571601 -0.924774559  0.833807961
  0.227330628  1.42364912 -0.594458204
 -0.0359523299  0.143630188  1.03087174
 -1.55055431 -0.481003912  0.139416738
 -0.724816337  1.4684545 -0.0854113291
  0.514827885 -0.187232716  0.193393302
  0.179897193  1.56846962  0.497720202
  0.250304196  1.08052987  1.50421369
 -0.293720539 -1.68505302  1.48754624
 -1.28714133 -0.725711602 -1.71445386
  0.355125794  0.682138212 -1.39264994
 -1.10399838 -0.00533949206  1.00143388
 -0.260443137 -0.825591796 -2.2928787
 -1.13430858 -2.26637302 -0.180623058
 -0.679075409  0.996875381  0.885399532
 -0.0971770041  0.638748239  0.0554106577
 -0.511282485 -0.337454772  0.168982919
 -1.47937293  0.462376538 -1.49026178
  1.39277235  0.265796304 -1.35638955
