  4.22707207E-07  0.543327925  0.38419086
 -0.543327694 -2.73161283E-08 -0.384190762
  0.543328156  2.72939009E-08 -0.384190958
  6.54155849E-08 -0.543327925  0.38419086
 -1.0919628 -0.541002409  0.389587901
 -0.541002128  1.0919628 -0.389587789
 -1.09196247  0.541002362  0.389587909
  1.09196319  0.541002396  0.389587833
  0.55096065 -3.23568438E-08  1.15468084
  9.99738064E-08  0.550960451 -1.15468077
  0.54100263  1.09196286 -0.389587952
  1.09196286 -0.54100235  0.389587841
 -1.48398971E-08 -0.550960451 -1.15468077
 -0.550960251  3.23976479E-08  1.1546807
 -0.541002459 -1.09196282 -0.389587821
  0.5410023 -1.09196284 -0.38958792
  0.549550361  1.44941054  0.636297308
 -0.899860508  3.54006118E-08 -1.41347845
  0.549549975 -1.44941049  0.636297428
 -1.44941048 -0.549549986 -0.636297361
  0.899860294 -3.54453549E-08 -1.41347865
  1.44941046 -0.549550148 -0.636297423
 -0.54955016 -1.44941045  0.636297356
 -1.44941035  0.549550114 -0.636297223
 -0.549549774  1.4494104  0.636297475
 -6.96263445E-08 -0.899860401  1.41347855
  1.070166E-07  0.899860401  1.41347855
  1.44941059  0.549550021 -0.636297561
 -1.48060697 -1.48060688 -1.85161448E-08
 -1.15207473E-07 -3.40977362E-11 -2.09389432
 -1.48060669  1.48060664  2.03148732E-08
  1.48060678 -1.48060687  1.85326752E-08
  1.48060706  1.48060711 -2.03556501E-08
 -7.666875E-08  2.90345728E-11  2.09389432
  1.76265214E-08  2.00945199 -0.147366123
  0.900522279 -1.10892955 -1.42089711
  1.10892959 -0.900522541  1.42089719
  1.10892955  0.900522428  1.42089711
 -0.900522545 -1.10892961 -1.42089715
 -0.90052252  1.10892952 -1.42089699
 -1.10892958 -0.900522283  1.42089707
 -2.00945181  1.45178718E-07  0.14736609
 -1.34312103E-07 -2.00945199 -0.147366123
  2.00945218 -1.45193805E-07  0.147366156
 -1.10892961  0.900522396  1.42089715
  0.900522305  1.10892965 -1.42089727
 -1.66735807  1.27705379E-08  1.17900021
  1.66735832 -1.27336614E-08  1.17900036
 -1.12488765E-07 -1.6673582 -1.17900029
  8.59872692E-09  1.6673582 -1.17900029
  2.3721915 -3.85116577E-09 -0.894386315
  0.553669061 -1.81852236  1.67739272
 -0.553669271  1.81852231  1.67739267
 -1.81852243 -0.55366917 -1.6773927
 -1.23712898E-07  2.37219154  0.894386257
 -1.8185224  0.553669179 -1.67739266
 -0.5536693 -1.81852235  1.67739272
 -2.37219157  3.83447008E-09 -0.8943862
  1.81852228 -0.553669191 -1.67739275
 -9.80840697E-08 -2.37219154  0.894386257
  0.55366909  1.8185224  1.67739278
  1.81852231  0.553669183 -1.67739278
 -1.11550745E-07  1.09662162 -2.10639807
  0.941137459 -2.03775919 -0.775428593
  2.03775943  0.941137666  0.775428744
 -0.941137637 -2.03775915 -0.775428576
  1.09662162 -4.7254005E-09  2.10639827
  2.03775906 -0.941137568  0.77542857
 -0.941137615  2.037759 -0.775428484
 -2.03775928 -0.941137527  0.775428599
 -2.03775891  0.94113743  0.775428426
 -9.9028722E-08 -1.09662162 -2.10639807
 -1.09662162  4.78277088E-09  2.10639787
  0.94113748  2.03775933 -0.775428686
 -0.932830608  0.551139909 -2.36490749
  1.86308738  1.4813969 -1.04932557
 -2.4142275  0.930256973 -0.269896035
 -0.93025707 -2.41422739  0.26989601
 -0.551140019 -0.932830528  2.36490759
  0.551139819  0.932830492  2.36490758
  0.93283041 -0.551139936 -2.36490761
  2.41422728  0.930256964 -0.269895985
 -2.41422742 -0.930256878 -0.269895993
 -0.930257002  2.41422719  0.269896067
 -1.48139679  1.86308739  1.04932546
  1.86308739 -1.48139692 -1.04932556
  0.930256866 -2.41422738  0.26989601
 -1.86308756 -1.48139684 -1.04932553
  0.932830411  0.551139914 -2.36490765
 -1.48139697 -1.86308744  1.04932556
  1.48139697  1.86308757  1.04932563
  1.48139679 -1.86308752  1.04932553
  2.41422736 -0.930257059 -0.269896027
 -1.86308758  1.48139686 -1.04932553
  0.551139804 -0.932830491  2.36490754
  0.930256934  2.41422759  0.269895954
 -0.932830609 -0.551139887 -2.36490753
 -0.551140005  0.932830527  2.36490756
