  0.341877592  2.61109087  0.76852062
 -2.086557 -0.140113219 -2.00846364
  2.32026151 -1.54379103  0.800233952
 -0.710636731 -2.55624725 -0.162530565
  1.18404773 -0.759412286 -2.23728442
 -2.71056499 -0.41006255  0.115632812
  0.614089938 -1.46904417  2.23461056
  2.68160916  0.49435902 -0.0311741678
 -0.640423885  1.55250639 -2.14848099
 -0.407504806 -1.80568362  1.91145331
 -2.24598819 -1.22008179  0.739691783
  0.460377205  1.34574674 -2.2226804
  2.29751859  0.760572744 -1.05177341
  1.28816908  0.938546184  2.00027724
 -1.71526209  1.89521358  0.0860324257
  1.36496749 -0.630265595  2.19949222
 -2.57165403  0.623642675 -0.30952353
 -1.5243049  1.61687755 -1.45419683
  2.41043359  0.36356857  1.05361946
 -0.300583457  2.02268031  1.48247236
 -2.24422249  0.760655492 -1.37277805
  2.21489663 -0.659681363  1.4692533
  0.180921979  1.1798679  2.11144762
 -1.34572013  1.66614193  1.13843782
 -1.5093217  0.617334695  1.57444587
 -0.577451169  0.320510373  2.16837662
 -1.33690631 -1.52575094  1.33508185
  1.38975135  1.06059838 -1.65046006
  0.821567507  1.79379483  1.39804303
 -0.692346679  2.27601402  0.433145871
 -2.4002392 -0.274987079 -0.947523805
  1.46870325 -1.50733817  1.51835685
  2.50290733 -0.525344105  0.38538858
 -1.36512586  0.70671765 -2.07991255
 -1.47857035 -1.88952229  0.289573392
 -0.560399991 -2.18198182  0.874771582
  0.823583008  0.293424393 -2.23085877
  1.7411855  0.0011458156 -1.64602257
  1.1139403  1.92888853  0.309103596
  0.18993453  2.22320677 -0.279813727
 -0.99690545 -0.348053526 -2.09224636
  1.94741521 -1.28589042 -0.215675969
  1.31179545 -1.88896993  0.480454898
 -1.63273257 -0.951066858 -1.39624771
 -1.1747094 -1.75575648 -0.781101828
  0.302128038 -2.22616448  0.160164153
  1.56915554 -1.02432571 -1.2273953
  0.0925192279 -0.553981584 -2.16853307
 -0.078088867 -1.96187446 -0.857947968
  0.552937716 -1.36341698 -1.5489367
 -0.203524651 -0.738042336  2.10762884
 -2.02734252 -0.157111342  0.945213325
  1.85385449  1.2157899 -0.148658472
  0.0340361163  1.79544616 -1.30852458
  0.53900633  0.0997033502  2.07478644
 -1.88806568  0.87278586  0.52788551
 -1.94929221 -1.09094373 -0.332625123
  0.456794865 -1.85734022  1.20090071
  2.13370099 -0.266369139 -0.635909187
 -0.271653193  0.499794046 -2.16896811
  1.58291921  1.09246348  0.927823657
 -0.839741777  1.86414017 -0.616265871
 -0.542216645 -1.16347082 -1.48333802
  0.939577389 -1.63545784 -0.538912991
 -1.12951358 -0.459334939  1.54263616
  0.956898638  1.51949053 -0.741982086
 -0.0925333129  0.560852234  0.425475483
 -1.56374477  0.997184647 -0.54643803
  1.39398051  0.0550772082  1.33867558
 -0.515826232  0.975407447  1.29679776
  0.121138976  1.56721838  0.593169759
 -0.884761256  1.22130906  0.26734319
  0.57892942  0.755087531  1.2002304
  1.4903557 -0.820995866  0.66909043
 -1.39926961  0.0994194404 -1.17261983
 -1.71429264 -0.0316997279 -0.122581892
  0.65003884 -0.784796405  1.38433114
 -0.497332551 -1.48621241  0.0375585231
  0.74587905 -0.307110879 -1.32375902
  1.67514996  0.188153164  0.260898043
 -0.68809351  0.940903409 -1.24532136
 -1.259943 -0.829504666  0.488416416
 -0.352013108 -1.1187025  1.06708781
  1.29982612  0.448105979 -0.742668912
  0.392798877  0.737016185 -1.3207649
 -1.04307568  0.211631612  0.687376929
 -0.151129132 -0.0724753387  1.25586173
 -0.0270266304  1.17267762 -0.424632348
  0.863341349  0.889073808  0.142845859
  0.690187512 -0.119253121  0.547137061
 -0.738358075  0.335773219 -0.363350119
  0.500901831 -1.16631099  0.354577901
 -0.956163732 -0.702200584 -0.574086416
  1.12813636 -0.571216607 -0.33239161
 -0.328717969 -0.107173387 -1.26092142
  0.125770941 -0.906735155 -0.650484598
 -0.292843006 -0.450241422  0.23445421
  0.322776798  0.133897314 -0.439517339
